c CNF from NumPDDL2CNF, bound 6, -p  -o ../ejemplos/blocks/blocks-domain.pddl -f ../ejemplos/blocks/blocks-problem.pddl
p cnf 543 7856
1 0
2 0
3 0
4 0
5 0
6 0
7 0
8 0
9 0
-10 1 0
-10 5 0
-10 9 0
-12 1 0
-12 4 0
-12 8 0
-14 1 0
-14 3 0
-14 7 0
-16 1 0
-16 2 0
-16 6 0
-11 10 0
-13 12 0
-15 14 0
-17 16 0
-10 11 0
-12 13 0
-14 15 0
-16 17 0
-11 27 0
-11 -22 0
-11 -26 0
-11 -18 0
-13 28 0
-13 -21 0
-13 -25 0
-13 -18 0
-15 29 0
-15 -20 0
-15 -24 0
-15 -18 0
-17 30 0
-17 -19 0
-17 -23 0
-17 -18 0
-1 11 13 15 17 18 0
1 -18 0
-2 17 19 0
2 -19 0
-3 15 20 0
3 -20 0
-4 13 21 0
4 -21 0
-5 11 22 0
5 -22 0
-6 17 23 0
6 -23 0
-7 15 24 0
7 -24 0
-8 13 25 0
8 -25 0
-9 11 26 0
9 -26 0
11 -27 0
13 -28 0
15 -29 0
17 -30 0
-10 -13 0
-10 -15 0
-10 -17 0
-12 -11 0
-12 -15 0
-12 -17 0
-14 -11 0
-14 -13 0
-14 -17 0
-16 -11 0
-16 -13 0
-16 -15 0
-31 26 0
-31 27 0
-33 25 0
-33 27 0
-35 24 0
-35 27 0
-37 23 0
-37 27 0
-39 26 0
-39 28 0
-41 25 0
-41 28 0
-43 24 0
-43 28 0
-45 23 0
-45 28 0
-47 26 0
-47 29 0
-49 25 0
-49 29 0
-51 24 0
-51 29 0
-53 23 0
-53 29 0
-55 26 0
-55 30 0
-57 25 0
-57 30 0
-59 24 0
-59 30 0
-61 23 0
-61 30 0
-63 27 0
-65 28 0
-67 29 0
-69 30 0
-71 18 0
-71 22 0
-71 26 0
-73 18 0
-73 21 0
-73 25 0
-75 18 0
-75 20 0
-75 24 0
-77 18 0
-77 19 0
-77 23 0
-32 31 0
-34 33 0
-36 35 0
-38 37 0
-40 39 0
-42 41 0
-44 43 0
-46 45 0
-48 47 0
-50 49 0
-52 51 0
-54 53 0
-56 55 0
-58 57 0
-60 59 0
-62 61 0
-64 63 0
-66 65 0
-68 67 0
-70 69 0
-72 71 0
-74 73 0
-76 75 0
-78 77 0
-31 32 0
-33 34 0
-35 36 0
-37 38 0
-39 40 0
-41 42 0
-43 44 0
-45 46 0
-47 48 0
-49 50 0
-51 52 0
-53 54 0
-55 56 0
-57 58 0
-59 60 0
-61 62 0
-63 64 0
-65 66 0
-67 68 0
-69 70 0
-71 72 0
-73 74 0
-75 76 0
-77 78 0
-32 87 0
-32 79 0
-32 92 0
-32 -88 0
-32 -87 0
-34 87 0
-34 79 0
-34 93 0
-34 -88 0
-34 -86 0
-36 87 0
-36 79 0
-36 94 0
-36 -88 0
-36 -85 0
-38 87 0
-38 79 0
-38 95 0
-38 -88 0
-38 -84 0
-40 86 0
-40 79 0
-40 96 0
-40 -89 0
-40 -87 0
-42 86 0
-42 79 0
-42 97 0
-42 -89 0
-42 -86 0
-44 86 0
-44 79 0
-44 98 0
-44 -89 0
-44 -85 0
-46 86 0
-46 79 0
-46 99 0
-46 -89 0
-46 -84 0
-48 85 0
-48 79 0
-48 100 0
-48 -90 0
-48 -87 0
-50 85 0
-50 79 0
-50 101 0
-50 -90 0
-50 -86 0
-52 85 0
-52 79 0
-52 102 0
-52 -90 0
-52 -85 0
-54 85 0
-54 79 0
-54 103 0
-54 -90 0
-54 -84 0
-56 84 0
-56 79 0
-56 104 0
-56 -91 0
-56 -87 0
-58 84 0
-58 79 0
-58 105 0
-58 -91 0
-58 -86 0
-60 84 0
-60 79 0
-60 106 0
-60 -91 0
-60 -85 0
-62 84 0
-62 79 0
-62 107 0
-62 -91 0
-62 -84 0
-64 87 0
-64 79 0
-64 83 0
-64 -88 0
-66 86 0
-66 79 0
-66 82 0
-66 -89 0
-68 85 0
-68 79 0
-68 81 0
-68 -90 0
-70 84 0
-70 79 0
-70 80 0
-70 -91 0
-72 88 0
-72 -83 0
-72 -87 0
-72 -79 0
-74 89 0
-74 -82 0
-74 -86 0
-74 -79 0
-76 90 0
-76 -81 0
-76 -85 0
-76 -79 0
-78 91 0
-78 -80 0
-78 -84 0
-78 -79 0
-18 72 74 76 78 79 0
18 32 34 36 38 40 42 44 46 48 50 52 54 56 58 60 62 64 66 68 70 -79 0
-19 78 80 0
19 70 -80 0
-20 76 81 0
20 68 -81 0
-21 74 82 0
21 66 -82 0
-22 72 83 0
22 64 -83 0
-23 38 46 54 62 78 84 0
23 56 58 60 62 70 -84 0
-24 36 44 52 60 76 85 0
24 48 50 52 54 68 -85 0
-25 34 42 50 58 74 86 0
25 40 42 44 46 66 -86 0
-26 32 40 48 56 72 87 0
26 32 34 36 38 64 -87 0
-27 32 34 36 38 64 88 0
27 72 -88 0
-28 40 42 44 46 66 89 0
28 74 -89 0
-29 48 50 52 54 68 90 0
29 76 -90 0
-30 56 58 60 62 70 91 0
30 78 -91 0
32 -92 0
34 -93 0
36 -94 0
38 -95 0
40 -96 0
42 -97 0
44 -98 0
46 -99 0
48 -100 0
50 -101 0
52 -102 0
54 -103 0
56 -104 0
58 -105 0
60 -106 0
62 -107 0
-55 -58 0
-55 -60 0
-55 -62 0
-55 -70 0
-57 -56 0
-57 -60 0
-57 -62 0
-57 -70 0
-59 -56 0
-59 -58 0
-59 -62 0
-59 -70 0
-61 -56 0
-61 -58 0
-61 -60 0
-61 -70 0
-69 -56 0
-69 -58 0
-69 -60 0
-69 -62 0
-47 -50 0
-47 -52 0
-47 -54 0
-47 -68 0
-49 -48 0
-49 -52 0
-49 -54 0
-49 -68 0
-51 -48 0
-51 -50 0
-51 -54 0
-51 -68 0
-53 -48 0
-53 -50 0
-53 -52 0
-53 -68 0
-67 -48 0
-67 -50 0
-67 -52 0
-67 -54 0
-39 -42 0
-39 -44 0
-39 -46 0
-39 -66 0
-41 -40 0
-41 -44 0
-41 -46 0
-41 -66 0
-43 -40 0
-43 -42 0
-43 -46 0
-43 -66 0
-45 -40 0
-45 -42 0
-45 -44 0
-45 -66 0
-65 -40 0
-65 -42 0
-65 -44 0
-65 -46 0
-31 -34 0
-31 -36 0
-31 -38 0
-31 -64 0
-33 -32 0
-33 -36 0
-33 -38 0
-33 -64 0
-35 -32 0
-35 -34 0
-35 -38 0
-35 -64 0
-37 -32 0
-37 -34 0
-37 -36 0
-37 -64 0
-63 -32 0
-63 -34 0
-63 -36 0
-63 -38 0
-31 -40 0
-31 -48 0
-31 -56 0
-31 -72 0
-39 -32 0
-39 -48 0
-39 -56 0
-39 -72 0
-47 -32 0
-47 -40 0
-47 -56 0
-47 -72 0
-55 -32 0
-55 -40 0
-55 -48 0
-55 -72 0
-71 -32 0
-71 -40 0
-71 -48 0
-71 -56 0
-71 -74 0
-71 -76 0
-71 -78 0
-73 -72 0
-73 -76 0
-73 -78 0
-75 -72 0
-75 -74 0
-75 -78 0
-77 -72 0
-77 -74 0
-77 -76 0
-33 -42 0
-33 -50 0
-33 -58 0
-33 -74 0
-41 -34 0
-41 -50 0
-41 -58 0
-41 -74 0
-49 -34 0
-49 -42 0
-49 -58 0
-49 -74 0
-57 -34 0
-57 -42 0
-57 -50 0
-57 -74 0
-73 -34 0
-73 -42 0
-73 -50 0
-73 -58 0
-35 -44 0
-35 -52 0
-35 -60 0
-35 -76 0
-43 -36 0
-43 -52 0
-43 -60 0
-43 -76 0
-51 -36 0
-51 -44 0
-51 -60 0
-51 -76 0
-59 -36 0
-59 -44 0
-59 -52 0
-59 -76 0
-75 -36 0
-75 -44 0
-75 -52 0
-75 -60 0
-37 -46 0
-37 -54 0
-37 -62 0
-37 -78 0
-45 -38 0
-45 -54 0
-45 -62 0
-45 -78 0
-53 -38 0
-53 -46 0
-53 -62 0
-53 -78 0
-61 -38 0
-61 -46 0
-61 -54 0
-61 -78 0
-77 -38 0
-77 -46 0
-77 -54 0
-77 -62 0
-78 -56 0
-78 -58 0
-78 -60 0
-78 -62 0
-78 -70 0
-76 -48 0
-76 -50 0
-76 -52 0
-76 -54 0
-76 -68 0
-74 -40 0
-74 -42 0
-74 -44 0
-74 -46 0
-74 -66 0
-72 -32 0
-72 -34 0
-72 -36 0
-72 -38 0
-72 -64 0
-32 -40 0
-32 -48 0
-32 -56 0
-32 -72 0
-34 -32 0
-34 -40 0
-34 -48 0
-34 -56 0
-34 -72 0
-36 -32 0
-36 -40 0
-36 -48 0
-36 -56 0
-36 -72 0
-38 -32 0
-38 -40 0
-38 -48 0
-38 -56 0
-38 -72 0
-64 -32 0
-64 -40 0
-64 -48 0
-64 -56 0
-64 -72 0
-32 -74 0
-32 -76 0
-32 -78 0
-34 -74 0
-34 -76 0
-34 -78 0
-36 -74 0
-36 -76 0
-36 -78 0
-38 -74 0
-38 -76 0
-38 -78 0
-40 -72 0
-40 -74 0
-40 -76 0
-40 -78 0
-42 -72 0
-42 -74 0
-42 -76 0
-42 -78 0
-44 -72 0
-44 -74 0
-44 -76 0
-44 -78 0
-46 -72 0
-46 -74 0
-46 -76 0
-46 -78 0
-48 -72 0
-48 -74 0
-48 -76 0
-48 -78 0
-50 -72 0
-50 -74 0
-50 -76 0
-50 -78 0
-52 -72 0
-52 -74 0
-52 -76 0
-52 -78 0
-54 -72 0
-54 -74 0
-54 -76 0
-54 -78 0
-56 -72 0
-56 -74 0
-56 -76 0
-56 -78 0
-58 -72 0
-58 -74 0
-58 -76 0
-58 -78 0
-60 -72 0
-60 -74 0
-60 -76 0
-60 -78 0
-62 -72 0
-62 -74 0
-62 -76 0
-62 -78 0
-64 -74 0
-64 -76 0
-64 -78 0
-66 -72 0
-66 -74 0
-66 -76 0
-66 -78 0
-68 -72 0
-68 -74 0
-68 -76 0
-68 -78 0
-70 -72 0
-70 -74 0
-70 -76 0
-70 -78 0
-40 -34 0
-40 -42 0
-40 -50 0
-40 -58 0
-42 -34 0
-42 -50 0
-42 -58 0
-44 -34 0
-44 -42 0
-44 -50 0
-44 -58 0
-46 -34 0
-46 -42 0
-46 -50 0
-46 -58 0
-66 -34 0
-66 -42 0
-66 -50 0
-66 -58 0
-48 -36 0
-48 -44 0
-48 -52 0
-48 -60 0
-50 -36 0
-50 -44 0
-50 -52 0
-50 -60 0
-52 -36 0
-52 -44 0
-52 -60 0
-54 -36 0
-54 -44 0
-54 -52 0
-54 -60 0
-68 -36 0
-68 -44 0
-68 -52 0
-68 -60 0
-56 -38 0
-56 -46 0
-56 -54 0
-56 -62 0
-58 -38 0
-58 -46 0
-58 -54 0
-58 -62 0
-60 -38 0
-60 -46 0
-60 -54 0
-60 -62 0
-62 -38 0
-62 -46 0
-62 -54 0
-70 -38 0
-70 -46 0
-70 -54 0
-70 -62 0
-108 79 0
-108 87 0
-108 92 0
-110 79 0
-110 87 0
-110 93 0
-112 79 0
-112 87 0
-112 94 0
-114 79 0
-114 87 0
-114 95 0
-116 79 0
-116 86 0
-116 96 0
-118 79 0
-118 86 0
-118 97 0
-120 79 0
-120 86 0
-120 98 0
-122 79 0
-122 86 0
-122 99 0
-124 79 0
-124 85 0
-124 100 0
-126 79 0
-126 85 0
-126 101 0
-128 79 0
-128 85 0
-128 102 0
-130 79 0
-130 85 0
-130 103 0
-132 79 0
-132 84 0
-132 104 0
-134 79 0
-134 84 0
-134 105 0
-136 79 0
-136 84 0
-136 106 0
-138 79 0
-138 84 0
-138 107 0
-140 87 0
-140 88 0
-142 86 0
-142 88 0
-144 85 0
-144 88 0
-146 84 0
-146 88 0
-148 87 0
-148 89 0
-150 86 0
-150 89 0
-152 85 0
-152 89 0
-154 84 0
-154 89 0
-156 87 0
-156 90 0
-158 86 0
-158 90 0
-160 85 0
-160 90 0
-162 84 0
-162 90 0
-164 87 0
-164 91 0
-166 86 0
-166 91 0
-168 85 0
-168 91 0
-170 84 0
-170 91 0
-172 88 0
-174 89 0
-176 90 0
-178 91 0
-180 79 0
-180 83 0
-180 87 0
-182 79 0
-182 82 0
-182 86 0
-184 79 0
-184 81 0
-184 85 0
-186 79 0
-186 80 0
-186 84 0
-109 108 0
-111 110 0
-113 112 0
-115 114 0
-117 116 0
-119 118 0
-121 120 0
-123 122 0
-125 124 0
-127 126 0
-129 128 0
-131 130 0
-133 132 0
-135 134 0
-137 136 0
-139 138 0
-141 140 0
-143 142 0
-145 144 0
-147 146 0
-149 148 0
-151 150 0
-153 152 0
-155 154 0
-157 156 0
-159 158 0
-161 160 0
-163 162 0
-165 164 0
-167 166 0
-169 168 0
-171 170 0
-173 172 0
-175 174 0
-177 176 0
-179 178 0
-181 180 0
-183 182 0
-185 184 0
-187 186 0
-108 109 0
-110 111 0
-112 113 0
-114 115 0
-116 117 0
-118 119 0
-120 121 0
-122 123 0
-124 125 0
-126 127 0
-128 129 0
-130 131 0
-132 133 0
-134 135 0
-136 137 0
-138 139 0
-140 141 0
-142 143 0
-144 145 0
-146 147 0
-148 149 0
-150 151 0
-152 153 0
-154 155 0
-156 157 0
-158 159 0
-160 161 0
-162 163 0
-164 165 0
-166 167 0
-168 169 0
-170 171 0
-172 173 0
-174 175 0
-176 177 0
-178 179 0
-180 181 0
-182 183 0
-184 185 0
-186 187 0
-109 197 0
-109 196 0
-109 -196 0
-109 -188 0
-109 -201 0
-111 197 0
-111 195 0
-111 -196 0
-111 -188 0
-111 -202 0
-113 197 0
-113 194 0
-113 -196 0
-113 -188 0
-113 -203 0
-115 197 0
-115 193 0
-115 -196 0
-115 -188 0
-115 -204 0
-117 198 0
-117 196 0
-117 -195 0
-117 -188 0
-117 -205 0
-119 198 0
-119 195 0
-119 -195 0
-119 -188 0
-119 -206 0
-121 198 0
-121 194 0
-121 -195 0
-121 -188 0
-121 -207 0
-123 198 0
-123 193 0
-123 -195 0
-123 -188 0
-123 -208 0
-125 199 0
-125 196 0
-125 -194 0
-125 -188 0
-125 -209 0
-127 199 0
-127 195 0
-127 -194 0
-127 -188 0
-127 -210 0
-129 199 0
-129 194 0
-129 -194 0
-129 -188 0
-129 -211 0
-131 199 0
-131 193 0
-131 -194 0
-131 -188 0
-131 -212 0
-133 200 0
-133 196 0
-133 -193 0
-133 -188 0
-133 -213 0
-135 200 0
-135 195 0
-135 -193 0
-135 -188 0
-135 -214 0
-137 200 0
-137 194 0
-137 -193 0
-137 -188 0
-137 -215 0
-139 200 0
-139 193 0
-139 -193 0
-139 -188 0
-139 -216 0
-141 196 0
-141 188 0
-141 201 0
-141 -197 0
-141 -196 0
-143 196 0
-143 188 0
-143 202 0
-143 -197 0
-143 -195 0
-145 196 0
-145 188 0
-145 203 0
-145 -197 0
-145 -194 0
-147 196 0
-147 188 0
-147 204 0
-147 -197 0
-147 -193 0
-149 195 0
-149 188 0
-149 205 0
-149 -198 0
-149 -196 0
-151 195 0
-151 188 0
-151 206 0
-151 -198 0
-151 -195 0
-153 195 0
-153 188 0
-153 207 0
-153 -198 0
-153 -194 0
-155 195 0
-155 188 0
-155 208 0
-155 -198 0
-155 -193 0
-157 194 0
-157 188 0
-157 209 0
-157 -199 0
-157 -196 0
-159 194 0
-159 188 0
-159 210 0
-159 -199 0
-159 -195 0
-161 194 0
-161 188 0
-161 211 0
-161 -199 0
-161 -194 0
-163 194 0
-163 188 0
-163 212 0
-163 -199 0
-163 -193 0
-165 193 0
-165 188 0
-165 213 0
-165 -200 0
-165 -196 0
-167 193 0
-167 188 0
-167 214 0
-167 -200 0
-167 -195 0
-169 193 0
-169 188 0
-169 215 0
-169 -200 0
-169 -194 0
-171 193 0
-171 188 0
-171 216 0
-171 -200 0
-171 -193 0
-173 196 0
-173 188 0
-173 192 0
-173 -197 0
-175 195 0
-175 188 0
-175 191 0
-175 -198 0
-177 194 0
-177 188 0
-177 190 0
-177 -199 0
-179 193 0
-179 188 0
-179 189 0
-179 -200 0
-181 197 0
-181 -192 0
-181 -196 0
-181 -188 0
-183 198 0
-183 -191 0
-183 -195 0
-183 -188 0
-185 199 0
-185 -190 0
-185 -194 0
-185 -188 0
-187 200 0
-187 -189 0
-187 -193 0
-187 -188 0
-79 109 111 113 115 117 119 121 123 125 127 129 131 133 135 137 139 181 183 185 187 188 0
79 141 143 145 147 149 151 153 155 157 159 161 163 165 167 169 171 173 175 177 179 -188 0
-80 187 189 0
80 179 -189 0
-81 185 190 0
81 177 -190 0
-82 183 191 0
82 175 -191 0
-83 181 192 0
83 173 -192 0
-84 133 135 137 139 147 155 163 171 187 193 0
84 115 123 131 139 165 167 169 171 179 -193 0
-85 125 127 129 131 145 153 161 169 185 194 0
85 113 121 129 137 157 159 161 163 177 -194 0
-86 117 119 121 123 143 151 159 167 183 195 0
86 111 119 127 135 149 151 153 155 175 -195 0
-87 109 111 113 115 141 149 157 165 181 196 0
87 109 117 125 133 141 143 145 147 173 -196 0
-88 141 143 145 147 173 197 0
88 109 111 113 115 181 -197 0
-89 149 151 153 155 175 198 0
89 117 119 121 123 183 -198 0
-90 157 159 161 163 177 199 0
90 125 127 129 131 185 -199 0
-91 165 167 169 171 179 200 0
91 133 135 137 139 187 -200 0
-92 109 201 0
92 141 -201 0
-93 111 202 0
93 143 -202 0
-94 113 203 0
94 145 -203 0
-95 115 204 0
95 147 -204 0
-96 117 205 0
96 149 -205 0
-97 119 206 0
97 151 -206 0
-98 121 207 0
98 153 -207 0
-99 123 208 0
99 155 -208 0
-100 125 209 0
100 157 -209 0
-101 127 210 0
101 159 -210 0
-102 129 211 0
102 161 -211 0
-103 131 212 0
103 163 -212 0
-104 133 213 0
104 165 -213 0
-105 135 214 0
105 167 -214 0
-106 137 215 0
106 169 -215 0
-107 139 216 0
107 171 -216 0
-164 -167 0
-164 -169 0
-164 -171 0
-164 -179 0
-166 -165 0
-166 -169 0
-166 -171 0
-166 -179 0
-168 -165 0
-168 -167 0
-168 -171 0
-168 -179 0
-170 -165 0
-170 -167 0
-170 -169 0
-170 -179 0
-178 -165 0
-178 -167 0
-178 -169 0
-178 -171 0
-156 -159 0
-156 -161 0
-156 -163 0
-156 -177 0
-158 -157 0
-158 -161 0
-158 -163 0
-158 -177 0
-160 -157 0
-160 -159 0
-160 -163 0
-160 -177 0
-162 -157 0
-162 -159 0
-162 -161 0
-162 -177 0
-176 -157 0
-176 -159 0
-176 -161 0
-176 -163 0
-148 -151 0
-148 -153 0
-148 -155 0
-148 -175 0
-150 -149 0
-150 -153 0
-150 -155 0
-150 -175 0
-152 -149 0
-152 -151 0
-152 -155 0
-152 -175 0
-154 -149 0
-154 -151 0
-154 -153 0
-154 -175 0
-174 -149 0
-174 -151 0
-174 -153 0
-174 -155 0
-140 -143 0
-140 -145 0
-140 -147 0
-140 -173 0
-142 -141 0
-142 -145 0
-142 -147 0
-142 -173 0
-144 -141 0
-144 -143 0
-144 -147 0
-144 -173 0
-146 -141 0
-146 -143 0
-146 -145 0
-146 -173 0
-172 -141 0
-172 -143 0
-172 -145 0
-172 -147 0
-108 -111 0
-108 -113 0
-108 -115 0
-108 -141 0
-108 -149 0
-108 -157 0
-108 -165 0
-108 -181 0
-110 -109 0
-110 -113 0
-110 -115 0
-110 -141 0
-110 -149 0
-110 -157 0
-110 -165 0
-110 -181 0
-112 -109 0
-112 -111 0
-112 -115 0
-112 -141 0
-112 -149 0
-112 -157 0
-112 -165 0
-112 -181 0
-114 -109 0
-114 -111 0
-114 -113 0
-114 -141 0
-114 -149 0
-114 -157 0
-114 -165 0
-114 -181 0
-140 -109 0
-140 -111 0
-140 -113 0
-140 -115 0
-140 -149 0
-140 -157 0
-140 -165 0
-140 -181 0
-148 -109 0
-148 -111 0
-148 -113 0
-148 -115 0
-148 -141 0
-148 -157 0
-148 -165 0
-148 -181 0
-156 -109 0
-156 -111 0
-156 -113 0
-156 -115 0
-156 -141 0
-156 -149 0
-156 -165 0
-156 -181 0
-164 -109 0
-164 -111 0
-164 -113 0
-164 -115 0
-164 -141 0
-164 -149 0
-164 -157 0
-164 -181 0
-180 -109 0
-180 -111 0
-180 -113 0
-180 -115 0
-180 -141 0
-180 -149 0
-180 -157 0
-180 -165 0
-108 -117 0
-108 -119 0
-108 -121 0
-108 -123 0
-108 -125 0
-108 -127 0
-108 -129 0
-108 -131 0
-108 -133 0
-108 -135 0
-108 -137 0
-108 -139 0
-108 -183 0
-108 -185 0
-108 -187 0
-110 -117 0
-110 -119 0
-110 -121 0
-110 -123 0
-110 -125 0
-110 -127 0
-110 -129 0
-110 -131 0
-110 -133 0
-110 -135 0
-110 -137 0
-110 -139 0
-110 -183 0
-110 -185 0
-110 -187 0
-112 -117 0
-112 -119 0
-112 -121 0
-112 -123 0
-112 -125 0
-112 -127 0
-112 -129 0
-112 -131 0
-112 -133 0
-112 -135 0
-112 -137 0
-112 -139 0
-112 -183 0
-112 -185 0
-112 -187 0
-114 -117 0
-114 -119 0
-114 -121 0
-114 -123 0
-114 -125 0
-114 -127 0
-114 -129 0
-114 -131 0
-114 -133 0
-114 -135 0
-114 -137 0
-114 -139 0
-114 -183 0
-114 -185 0
-114 -187 0
-116 -109 0
-116 -111 0
-116 -113 0
-116 -115 0
-116 -119 0
-116 -121 0
-116 -123 0
-116 -125 0
-116 -127 0
-116 -129 0
-116 -131 0
-116 -133 0
-116 -135 0
-116 -137 0
-116 -139 0
-116 -181 0
-116 -183 0
-116 -185 0
-116 -187 0
-118 -109 0
-118 -111 0
-118 -113 0
-118 -115 0
-118 -117 0
-118 -121 0
-118 -123 0
-118 -125 0
-118 -127 0
-118 -129 0
-118 -131 0
-118 -133 0
-118 -135 0
-118 -137 0
-118 -139 0
-118 -181 0
-118 -183 0
-118 -185 0
-118 -187 0
-120 -109 0
-120 -111 0
-120 -113 0
-120 -115 0
-120 -117 0
-120 -119 0
-120 -123 0
-120 -125 0
-120 -127 0
-120 -129 0
-120 -131 0
-120 -133 0
-120 -135 0
-120 -137 0
-120 -139 0
-120 -181 0
-120 -183 0
-120 -185 0
-120 -187 0
-122 -109 0
-122 -111 0
-122 -113 0
-122 -115 0
-122 -117 0
-122 -119 0
-122 -121 0
-122 -125 0
-122 -127 0
-122 -129 0
-122 -131 0
-122 -133 0
-122 -135 0
-122 -137 0
-122 -139 0
-122 -181 0
-122 -183 0
-122 -185 0
-122 -187 0
-124 -109 0
-124 -111 0
-124 -113 0
-124 -115 0
-124 -117 0
-124 -119 0
-124 -121 0
-124 -123 0
-124 -127 0
-124 -129 0
-124 -131 0
-124 -133 0
-124 -135 0
-124 -137 0
-124 -139 0
-124 -181 0
-124 -183 0
-124 -185 0
-124 -187 0
-126 -109 0
-126 -111 0
-126 -113 0
-126 -115 0
-126 -117 0
-126 -119 0
-126 -121 0
-126 -123 0
-126 -125 0
-126 -129 0
-126 -131 0
-126 -133 0
-126 -135 0
-126 -137 0
-126 -139 0
-126 -181 0
-126 -183 0
-126 -185 0
-126 -187 0
-128 -109 0
-128 -111 0
-128 -113 0
-128 -115 0
-128 -117 0
-128 -119 0
-128 -121 0
-128 -123 0
-128 -125 0
-128 -127 0
-128 -131 0
-128 -133 0
-128 -135 0
-128 -137 0
-128 -139 0
-128 -181 0
-128 -183 0
-128 -185 0
-128 -187 0
-130 -109 0
-130 -111 0
-130 -113 0
-130 -115 0
-130 -117 0
-130 -119 0
-130 -121 0
-130 -123 0
-130 -125 0
-130 -127 0
-130 -129 0
-130 -133 0
-130 -135 0
-130 -137 0
-130 -139 0
-130 -181 0
-130 -183 0
-130 -185 0
-130 -187 0
-132 -109 0
-132 -111 0
-132 -113 0
-132 -115 0
-132 -117 0
-132 -119 0
-132 -121 0
-132 -123 0
-132 -125 0
-132 -127 0
-132 -129 0
-132 -131 0
-132 -135 0
-132 -137 0
-132 -139 0
-132 -181 0
-132 -183 0
-132 -185 0
-132 -187 0
-134 -109 0
-134 -111 0
-134 -113 0
-134 -115 0
-134 -117 0
-134 -119 0
-134 -121 0
-134 -123 0
-134 -125 0
-134 -127 0
-134 -129 0
-134 -131 0
-134 -133 0
-134 -137 0
-134 -139 0
-134 -181 0
-134 -183 0
-134 -185 0
-134 -187 0
-136 -109 0
-136 -111 0
-136 -113 0
-136 -115 0
-136 -117 0
-136 -119 0
-136 -121 0
-136 -123 0
-136 -125 0
-136 -127 0
-136 -129 0
-136 -131 0
-136 -133 0
-136 -135 0
-136 -139 0
-136 -181 0
-136 -183 0
-136 -185 0
-136 -187 0
-138 -109 0
-138 -111 0
-138 -113 0
-138 -115 0
-138 -117 0
-138 -119 0
-138 -121 0
-138 -123 0
-138 -125 0
-138 -127 0
-138 -129 0
-138 -131 0
-138 -133 0
-138 -135 0
-138 -137 0
-138 -181 0
-138 -183 0
-138 -185 0
-138 -187 0
-180 -117 0
-180 -119 0
-180 -121 0
-180 -123 0
-180 -125 0
-180 -127 0
-180 -129 0
-180 -131 0
-180 -133 0
-180 -135 0
-180 -137 0
-180 -139 0
-180 -183 0
-180 -185 0
-180 -187 0
-182 -109 0
-182 -111 0
-182 -113 0
-182 -115 0
-182 -117 0
-182 -119 0
-182 -121 0
-182 -123 0
-182 -125 0
-182 -127 0
-182 -129 0
-182 -131 0
-182 -133 0
-182 -135 0
-182 -137 0
-182 -139 0
-182 -181 0
-182 -185 0
-182 -187 0
-184 -109 0
-184 -111 0
-184 -113 0
-184 -115 0
-184 -117 0
-184 -119 0
-184 -121 0
-184 -123 0
-184 -125 0
-184 -127 0
-184 -129 0
-184 -131 0
-184 -133 0
-184 -135 0
-184 -137 0
-184 -139 0
-184 -181 0
-184 -183 0
-184 -187 0
-186 -109 0
-186 -111 0
-186 -113 0
-186 -115 0
-186 -117 0
-186 -119 0
-186 -121 0
-186 -123 0
-186 -125 0
-186 -127 0
-186 -129 0
-186 -131 0
-186 -133 0
-186 -135 0
-186 -137 0
-186 -139 0
-186 -181 0
-186 -183 0
-186 -185 0
-116 -143 0
-116 -151 0
-116 -159 0
-116 -167 0
-118 -143 0
-118 -151 0
-118 -159 0
-118 -167 0
-120 -143 0
-120 -151 0
-120 -159 0
-120 -167 0
-122 -143 0
-122 -151 0
-122 -159 0
-122 -167 0
-142 -117 0
-142 -119 0
-142 -121 0
-142 -123 0
-142 -151 0
-142 -159 0
-142 -167 0
-142 -183 0
-150 -117 0
-150 -119 0
-150 -121 0
-150 -123 0
-150 -143 0
-150 -159 0
-150 -167 0
-150 -183 0
-158 -117 0
-158 -119 0
-158 -121 0
-158 -123 0
-158 -143 0
-158 -151 0
-158 -167 0
-158 -183 0
-166 -117 0
-166 -119 0
-166 -121 0
-166 -123 0
-166 -143 0
-166 -151 0
-166 -159 0
-166 -183 0
-182 -143 0
-182 -151 0
-182 -159 0
-182 -167 0
-124 -145 0
-124 -153 0
-124 -161 0
-124 -169 0
-126 -145 0
-126 -153 0
-126 -161 0
-126 -169 0
-128 -145 0
-128 -153 0
-128 -161 0
-128 -169 0
-130 -145 0
-130 -153 0
-130 -161 0
-130 -169 0
-144 -125 0
-144 -127 0
-144 -129 0
-144 -131 0
-144 -153 0
-144 -161 0
-144 -169 0
-144 -185 0
-152 -125 0
-152 -127 0
-152 -129 0
-152 -131 0
-152 -145 0
-152 -161 0
-152 -169 0
-152 -185 0
-160 -125 0
-160 -127 0
-160 -129 0
-160 -131 0
-160 -145 0
-160 -153 0
-160 -169 0
-160 -185 0
-168 -125 0
-168 -127 0
-168 -129 0
-168 -131 0
-168 -145 0
-168 -153 0
-168 -161 0
-168 -185 0
-184 -145 0
-184 -153 0
-184 -161 0
-184 -169 0
-132 -147 0
-132 -155 0
-132 -163 0
-132 -171 0
-134 -147 0
-134 -155 0
-134 -163 0
-134 -171 0
-136 -147 0
-136 -155 0
-136 -163 0
-136 -171 0
-138 -147 0
-138 -155 0
-138 -163 0
-138 -171 0
-146 -133 0
-146 -135 0
-146 -137 0
-146 -139 0
-146 -155 0
-146 -163 0
-146 -171 0
-146 -187 0
-154 -133 0
-154 -135 0
-154 -137 0
-154 -139 0
-154 -147 0
-154 -163 0
-154 -171 0
-154 -187 0
-162 -133 0
-162 -135 0
-162 -137 0
-162 -139 0
-162 -147 0
-162 -155 0
-162 -171 0
-162 -187 0
-170 -133 0
-170 -135 0
-170 -137 0
-170 -139 0
-170 -147 0
-170 -155 0
-170 -163 0
-170 -187 0
-186 -147 0
-186 -155 0
-186 -163 0
-186 -171 0
-133 -165 0
-133 -167 0
-133 -169 0
-133 -171 0
-133 -179 0
-135 -165 0
-135 -167 0
-135 -169 0
-135 -171 0
-135 -179 0
-137 -165 0
-137 -167 0
-137 -169 0
-137 -171 0
-137 -179 0
-139 -165 0
-139 -167 0
-139 -169 0
-139 -171 0
-139 -179 0
-187 -165 0
-187 -167 0
-187 -169 0
-187 -171 0
-187 -179 0
-125 -157 0
-125 -159 0
-125 -161 0
-125 -163 0
-125 -177 0
-127 -157 0
-127 -159 0
-127 -161 0
-127 -163 0
-127 -177 0
-129 -157 0
-129 -159 0
-129 -161 0
-129 -163 0
-129 -177 0
-131 -157 0
-131 -159 0
-131 -161 0
-131 -163 0
-131 -177 0
-185 -157 0
-185 -159 0
-185 -161 0
-185 -163 0
-185 -177 0
-117 -149 0
-117 -151 0
-117 -153 0
-117 -155 0
-117 -175 0
-119 -149 0
-119 -151 0
-119 -153 0
-119 -155 0
-119 -175 0
-121 -149 0
-121 -151 0
-121 -153 0
-121 -155 0
-121 -175 0
-123 -149 0
-123 -151 0
-123 -153 0
-123 -155 0
-123 -175 0
-183 -149 0
-183 -151 0
-183 -153 0
-183 -155 0
-183 -175 0
-109 -141 0
-109 -143 0
-109 -145 0
-109 -147 0
-109 -173 0
-111 -141 0
-111 -143 0
-111 -145 0
-111 -147 0
-111 -173 0
-113 -141 0
-113 -143 0
-113 -145 0
-113 -147 0
-113 -173 0
-115 -141 0
-115 -143 0
-115 -145 0
-115 -147 0
-115 -173 0
-181 -141 0
-181 -143 0
-181 -145 0
-181 -147 0
-181 -173 0
-171 -139 0
-169 -137 0
-167 -135 0
-165 -133 0
-163 -131 0
-161 -129 0
-159 -127 0
-157 -125 0
-155 -123 0
-153 -121 0
-151 -119 0
-149 -117 0
-147 -115 0
-145 -113 0
-143 -111 0
-141 -109 0
-109 -111 0
-109 -113 0
-109 -115 0
-109 -149 0
-109 -157 0
-109 -165 0
-109 -181 0
-117 -109 0
-117 -111 0
-117 -113 0
-117 -115 0
-117 -141 0
-117 -157 0
-117 -165 0
-117 -181 0
-125 -109 0
-125 -111 0
-125 -113 0
-125 -115 0
-125 -141 0
-125 -149 0
-125 -165 0
-125 -181 0
-133 -109 0
-133 -111 0
-133 -113 0
-133 -115 0
-133 -141 0
-133 -149 0
-133 -157 0
-133 -181 0
-141 -111 0
-141 -113 0
-141 -115 0
-141 -149 0
-141 -157 0
-141 -165 0
-141 -181 0
-143 -109 0
-143 -113 0
-143 -115 0
-143 -141 0
-143 -149 0
-143 -157 0
-143 -165 0
-143 -181 0
-145 -109 0
-145 -111 0
-145 -115 0
-145 -141 0
-145 -149 0
-145 -157 0
-145 -165 0
-145 -181 0
-147 -109 0
-147 -111 0
-147 -113 0
-147 -141 0
-147 -149 0
-147 -157 0
-147 -165 0
-147 -181 0
-173 -109 0
-173 -111 0
-173 -113 0
-173 -115 0
-173 -141 0
-173 -149 0
-173 -157 0
-173 -165 0
-173 -181 0
-141 -117 0
-141 -119 0
-141 -121 0
-141 -123 0
-141 -125 0
-141 -127 0
-141 -129 0
-141 -131 0
-141 -133 0
-141 -135 0
-141 -137 0
-141 -139 0
-141 -183 0
-141 -185 0
-141 -187 0
-143 -117 0
-143 -119 0
-143 -121 0
-143 -123 0
-143 -125 0
-143 -127 0
-143 -129 0
-143 -131 0
-143 -133 0
-143 -135 0
-143 -137 0
-143 -139 0
-143 -183 0
-143 -185 0
-143 -187 0
-145 -117 0
-145 -119 0
-145 -121 0
-145 -123 0
-145 -125 0
-145 -127 0
-145 -129 0
-145 -131 0
-145 -133 0
-145 -135 0
-145 -137 0
-145 -139 0
-145 -183 0
-145 -185 0
-145 -187 0
-147 -117 0
-147 -119 0
-147 -121 0
-147 -123 0
-147 -125 0
-147 -127 0
-147 -129 0
-147 -131 0
-147 -133 0
-147 -135 0
-147 -137 0
-147 -139 0
-147 -183 0
-147 -185 0
-147 -187 0
-149 -109 0
-149 -111 0
-149 -113 0
-149 -115 0
-149 -119 0
-149 -121 0
-149 -123 0
-149 -125 0
-149 -127 0
-149 -129 0
-149 -131 0
-149 -133 0
-149 -135 0
-149 -137 0
-149 -139 0
-149 -181 0
-149 -183 0
-149 -185 0
-149 -187 0
-151 -109 0
-151 -111 0
-151 -113 0
-151 -115 0
-151 -117 0
-151 -121 0
-151 -123 0
-151 -125 0
-151 -127 0
-151 -129 0
-151 -131 0
-151 -133 0
-151 -135 0
-151 -137 0
-151 -139 0
-151 -181 0
-151 -183 0
-151 -185 0
-151 -187 0
-153 -109 0
-153 -111 0
-153 -113 0
-153 -115 0
-153 -117 0
-153 -119 0
-153 -123 0
-153 -125 0
-153 -127 0
-153 -129 0
-153 -131 0
-153 -133 0
-153 -135 0
-153 -137 0
-153 -139 0
-153 -181 0
-153 -183 0
-153 -185 0
-153 -187 0
-155 -109 0
-155 -111 0
-155 -113 0
-155 -115 0
-155 -117 0
-155 -119 0
-155 -121 0
-155 -125 0
-155 -127 0
-155 -129 0
-155 -131 0
-155 -133 0
-155 -135 0
-155 -137 0
-155 -139 0
-155 -181 0
-155 -183 0
-155 -185 0
-155 -187 0
-157 -109 0
-157 -111 0
-157 -113 0
-157 -115 0
-157 -117 0
-157 -119 0
-157 -121 0
-157 -123 0
-157 -127 0
-157 -129 0
-157 -131 0
-157 -133 0
-157 -135 0
-157 -137 0
-157 -139 0
-157 -181 0
-157 -183 0
-157 -185 0
-157 -187 0
-159 -109 0
-159 -111 0
-159 -113 0
-159 -115 0
-159 -117 0
-159 -119 0
-159 -121 0
-159 -123 0
-159 -125 0
-159 -129 0
-159 -131 0
-159 -133 0
-159 -135 0
-159 -137 0
-159 -139 0
-159 -181 0
-159 -183 0
-159 -185 0
-159 -187 0
-161 -109 0
-161 -111 0
-161 -113 0
-161 -115 0
-161 -117 0
-161 -119 0
-161 -121 0
-161 -123 0
-161 -125 0
-161 -127 0
-161 -131 0
-161 -133 0
-161 -135 0
-161 -137 0
-161 -139 0
-161 -181 0
-161 -183 0
-161 -185 0
-161 -187 0
-163 -109 0
-163 -111 0
-163 -113 0
-163 -115 0
-163 -117 0
-163 -119 0
-163 -121 0
-163 -123 0
-163 -125 0
-163 -127 0
-163 -129 0
-163 -133 0
-163 -135 0
-163 -137 0
-163 -139 0
-163 -181 0
-163 -183 0
-163 -185 0
-163 -187 0
-165 -109 0
-165 -111 0
-165 -113 0
-165 -115 0
-165 -117 0
-165 -119 0
-165 -121 0
-165 -123 0
-165 -125 0
-165 -127 0
-165 -129 0
-165 -131 0
-165 -135 0
-165 -137 0
-165 -139 0
-165 -181 0
-165 -183 0
-165 -185 0
-165 -187 0
-167 -109 0
-167 -111 0
-167 -113 0
-167 -115 0
-167 -117 0
-167 -119 0
-167 -121 0
-167 -123 0
-167 -125 0
-167 -127 0
-167 -129 0
-167 -131 0
-167 -133 0
-167 -137 0
-167 -139 0
-167 -181 0
-167 -183 0
-167 -185 0
-167 -187 0
-169 -109 0
-169 -111 0
-169 -113 0
-169 -115 0
-169 -117 0
-169 -119 0
-169 -121 0
-169 -123 0
-169 -125 0
-169 -127 0
-169 -129 0
-169 -131 0
-169 -133 0
-169 -135 0
-169 -139 0
-169 -181 0
-169 -183 0
-169 -185 0
-169 -187 0
-171 -109 0
-171 -111 0
-171 -113 0
-171 -115 0
-171 -117 0
-171 -119 0
-171 -121 0
-171 -123 0
-171 -125 0
-171 -127 0
-171 -129 0
-171 -131 0
-171 -133 0
-171 -135 0
-171 -137 0
-171 -181 0
-171 -183 0
-171 -185 0
-171 -187 0
-173 -117 0
-173 -119 0
-173 -121 0
-173 -123 0
-173 -125 0
-173 -127 0
-173 -129 0
-173 -131 0
-173 -133 0
-173 -135 0
-173 -137 0
-173 -139 0
-173 -183 0
-173 -185 0
-173 -187 0
-175 -109 0
-175 -111 0
-175 -113 0
-175 -115 0
-175 -117 0
-175 -119 0
-175 -121 0
-175 -123 0
-175 -125 0
-175 -127 0
-175 -129 0
-175 -131 0
-175 -133 0
-175 -135 0
-175 -137 0
-175 -139 0
-175 -181 0
-175 -183 0
-175 -185 0
-175 -187 0
-177 -109 0
-177 -111 0
-177 -113 0
-177 -115 0
-177 -117 0
-177 -119 0
-177 -121 0
-177 -123 0
-177 -125 0
-177 -127 0
-177 -129 0
-177 -131 0
-177 -133 0
-177 -135 0
-177 -137 0
-177 -139 0
-177 -181 0
-177 -183 0
-177 -185 0
-177 -187 0
-179 -109 0
-179 -111 0
-179 -113 0
-179 -115 0
-179 -117 0
-179 -119 0
-179 -121 0
-179 -123 0
-179 -125 0
-179 -127 0
-179 -129 0
-179 -131 0
-179 -133 0
-179 -135 0
-179 -137 0
-179 -139 0
-179 -181 0
-179 -183 0
-179 -185 0
-179 -187 0
-111 -117 0
-111 -119 0
-111 -121 0
-111 -123 0
-111 -151 0
-111 -159 0
-111 -167 0
-111 -183 0
-119 -117 0
-119 -121 0
-119 -123 0
-119 -143 0
-119 -159 0
-119 -167 0
-119 -183 0
-127 -117 0
-127 -119 0
-127 -121 0
-127 -123 0
-127 -143 0
-127 -151 0
-127 -167 0
-127 -183 0
-135 -117 0
-135 -119 0
-135 -121 0
-135 -123 0
-135 -143 0
-135 -151 0
-135 -159 0
-135 -183 0
-149 -143 0
-149 -151 0
-149 -159 0
-149 -167 0
-151 -143 0
-151 -159 0
-151 -167 0
-153 -143 0
-153 -151 0
-153 -159 0
-153 -167 0
-155 -143 0
-155 -151 0
-155 -159 0
-155 -167 0
-175 -143 0
-175 -151 0
-175 -159 0
-175 -167 0
-113 -125 0
-113 -127 0
-113 -129 0
-113 -131 0
-113 -153 0
-113 -161 0
-113 -169 0
-113 -185 0
-121 -125 0
-121 -127 0
-121 -129 0
-121 -131 0
-121 -145 0
-121 -161 0
-121 -169 0
-121 -185 0
-129 -125 0
-129 -127 0
-129 -131 0
-129 -145 0
-129 -153 0
-129 -169 0
-129 -185 0
-137 -125 0
-137 -127 0
-137 -129 0
-137 -131 0
-137 -145 0
-137 -153 0
-137 -161 0
-137 -185 0
-157 -145 0
-157 -153 0
-157 -161 0
-157 -169 0
-159 -145 0
-159 -153 0
-159 -161 0
-159 -169 0
-161 -145 0
-161 -153 0
-161 -169 0
-163 -145 0
-163 -153 0
-163 -161 0
-163 -169 0
-177 -145 0
-177 -153 0
-177 -161 0
-177 -169 0
-115 -133 0
-115 -135 0
-115 -137 0
-115 -139 0
-115 -155 0
-115 -163 0
-115 -171 0
-115 -187 0
-123 -133 0
-123 -135 0
-123 -137 0
-123 -139 0
-123 -147 0
-123 -163 0
-123 -171 0
-123 -187 0
-131 -133 0
-131 -135 0
-131 -137 0
-131 -139 0
-131 -147 0
-131 -155 0
-131 -171 0
-131 -187 0
-139 -133 0
-139 -135 0
-139 -137 0
-139 -147 0
-139 -155 0
-139 -163 0
-139 -187 0
-165 -147 0
-165 -155 0
-165 -163 0
-165 -171 0
-167 -147 0
-167 -155 0
-167 -163 0
-167 -171 0
-169 -147 0
-169 -155 0
-169 -163 0
-169 -171 0
-171 -147 0
-171 -155 0
-171 -163 0
-179 -147 0
-179 -155 0
-179 -163 0
-179 -171 0
-217 188 0
-217 196 0
-217 201 0
-219 188 0
-219 196 0
-219 202 0
-221 188 0
-221 196 0
-221 203 0
-223 188 0
-223 196 0
-223 204 0
-225 188 0
-225 195 0
-225 205 0
-227 188 0
-227 195 0
-227 206 0
-229 188 0
-229 195 0
-229 207 0
-231 188 0
-231 195 0
-231 208 0
-233 188 0
-233 194 0
-233 209 0
-235 188 0
-235 194 0
-235 210 0
-237 188 0
-237 194 0
-237 211 0
-239 188 0
-239 194 0
-239 212 0
-241 188 0
-241 193 0
-241 213 0
-243 188 0
-243 193 0
-243 214 0
-245 188 0
-245 193 0
-245 215 0
-247 188 0
-247 193 0
-247 216 0
-249 196 0
-249 197 0
-251 195 0
-251 197 0
-253 194 0
-253 197 0
-255 193 0
-255 197 0
-257 196 0
-257 198 0
-259 195 0
-259 198 0
-261 194 0
-261 198 0
-263 193 0
-263 198 0
-265 196 0
-265 199 0
-267 195 0
-267 199 0
-269 194 0
-269 199 0
-271 193 0
-271 199 0
-273 196 0
-273 200 0
-275 195 0
-275 200 0
-277 194 0
-277 200 0
-279 193 0
-279 200 0
-281 197 0
-283 198 0
-285 199 0
-287 200 0
-289 188 0
-289 192 0
-289 196 0
-291 188 0
-291 191 0
-291 195 0
-293 188 0
-293 190 0
-293 194 0
-295 188 0
-295 189 0
-295 193 0
-218 217 0
-220 219 0
-222 221 0
-224 223 0
-226 225 0
-228 227 0
-230 229 0
-232 231 0
-234 233 0
-236 235 0
-238 237 0
-240 239 0
-242 241 0
-244 243 0
-246 245 0
-248 247 0
-250 249 0
-252 251 0
-254 253 0
-256 255 0
-258 257 0
-260 259 0
-262 261 0
-264 263 0
-266 265 0
-268 267 0
-270 269 0
-272 271 0
-274 273 0
-276 275 0
-278 277 0
-280 279 0
-282 281 0
-284 283 0
-286 285 0
-288 287 0
-290 289 0
-292 291 0
-294 293 0
-296 295 0
-217 218 0
-219 220 0
-221 222 0
-223 224 0
-225 226 0
-227 228 0
-229 230 0
-231 232 0
-233 234 0
-235 236 0
-237 238 0
-239 240 0
-241 242 0
-243 244 0
-245 246 0
-247 248 0
-249 250 0
-251 252 0
-253 254 0
-255 256 0
-257 258 0
-259 260 0
-261 262 0
-263 264 0
-265 266 0
-267 268 0
-269 270 0
-271 272 0
-273 274 0
-275 276 0
-277 278 0
-279 280 0
-281 282 0
-283 284 0
-285 286 0
-287 288 0
-289 290 0
-291 292 0
-293 294 0
-295 296 0
-218 306 0
-218 305 0
-218 -305 0
-218 -297 0
-218 -310 0
-220 306 0
-220 304 0
-220 -305 0
-220 -297 0
-220 -311 0
-222 306 0
-222 303 0
-222 -305 0
-222 -297 0
-222 -312 0
-224 306 0
-224 302 0
-224 -305 0
-224 -297 0
-224 -313 0
-226 307 0
-226 305 0
-226 -304 0
-226 -297 0
-226 -314 0
-228 307 0
-228 304 0
-228 -304 0
-228 -297 0
-228 -315 0
-230 307 0
-230 303 0
-230 -304 0
-230 -297 0
-230 -316 0
-232 307 0
-232 302 0
-232 -304 0
-232 -297 0
-232 -317 0
-234 308 0
-234 305 0
-234 -303 0
-234 -297 0
-234 -318 0
-236 308 0
-236 304 0
-236 -303 0
-236 -297 0
-236 -319 0
-238 308 0
-238 303 0
-238 -303 0
-238 -297 0
-238 -320 0
-240 308 0
-240 302 0
-240 -303 0
-240 -297 0
-240 -321 0
-242 309 0
-242 305 0
-242 -302 0
-242 -297 0
-242 -322 0
-244 309 0
-244 304 0
-244 -302 0
-244 -297 0
-244 -323 0
-246 309 0
-246 303 0
-246 -302 0
-246 -297 0
-246 -324 0
-248 309 0
-248 302 0
-248 -302 0
-248 -297 0
-248 -325 0
-250 305 0
-250 297 0
-250 310 0
-250 -306 0
-250 -305 0
-252 305 0
-252 297 0
-252 311 0
-252 -306 0
-252 -304 0
-254 305 0
-254 297 0
-254 312 0
-254 -306 0
-254 -303 0
-256 305 0
-256 297 0
-256 313 0
-256 -306 0
-256 -302 0
-258 304 0
-258 297 0
-258 314 0
-258 -307 0
-258 -305 0
-260 304 0
-260 297 0
-260 315 0
-260 -307 0
-260 -304 0
-262 304 0
-262 297 0
-262 316 0
-262 -307 0
-262 -303 0
-264 304 0
-264 297 0
-264 317 0
-264 -307 0
-264 -302 0
-266 303 0
-266 297 0
-266 318 0
-266 -308 0
-266 -305 0
-268 303 0
-268 297 0
-268 319 0
-268 -308 0
-268 -304 0
-270 303 0
-270 297 0
-270 320 0
-270 -308 0
-270 -303 0
-272 303 0
-272 297 0
-272 321 0
-272 -308 0
-272 -302 0
-274 302 0
-274 297 0
-274 322 0
-274 -309 0
-274 -305 0
-276 302 0
-276 297 0
-276 323 0
-276 -309 0
-276 -304 0
-278 302 0
-278 297 0
-278 324 0
-278 -309 0
-278 -303 0
-280 302 0
-280 297 0
-280 325 0
-280 -309 0
-280 -302 0
-282 305 0
-282 297 0
-282 301 0
-282 -306 0
-284 304 0
-284 297 0
-284 300 0
-284 -307 0
-286 303 0
-286 297 0
-286 299 0
-286 -308 0
-288 302 0
-288 297 0
-288 298 0
-288 -309 0
-290 306 0
-290 -301 0
-290 -305 0
-290 -297 0
-292 307 0
-292 -300 0
-292 -304 0
-292 -297 0
-294 308 0
-294 -299 0
-294 -303 0
-294 -297 0
-296 309 0
-296 -298 0
-296 -302 0
-296 -297 0
-188 218 220 222 224 226 228 230 232 234 236 238 240 242 244 246 248 290 292 294 296 297 0
188 250 252 254 256 258 260 262 264 266 268 270 272 274 276 278 280 282 284 286 288 -297 0
-189 296 298 0
189 288 -298 0
-190 294 299 0
190 286 -299 0
-191 292 300 0
191 284 -300 0
-192 290 301 0
192 282 -301 0
-193 242 244 246 248 256 264 272 280 296 302 0
193 224 232 240 248 274 276 278 280 288 -302 0
-194 234 236 238 240 254 262 270 278 294 303 0
194 222 230 238 246 266 268 270 272 286 -303 0
-195 226 228 230 232 252 260 268 276 292 304 0
195 220 228 236 244 258 260 262 264 284 -304 0
-196 218 220 222 224 250 258 266 274 290 305 0
196 218 226 234 242 250 252 254 256 282 -305 0
-197 250 252 254 256 282 306 0
197 218 220 222 224 290 -306 0
-198 258 260 262 264 284 307 0
198 226 228 230 232 292 -307 0
-199 266 268 270 272 286 308 0
199 234 236 238 240 294 -308 0
-200 274 276 278 280 288 309 0
200 242 244 246 248 296 -309 0
-201 218 310 0
201 250 -310 0
-202 220 311 0
202 252 -311 0
-203 222 312 0
203 254 -312 0
-204 224 313 0
204 256 -313 0
-205 226 314 0
205 258 -314 0
-206 228 315 0
206 260 -315 0
-207 230 316 0
207 262 -316 0
-208 232 317 0
208 264 -317 0
-209 234 318 0
209 266 -318 0
-210 236 319 0
210 268 -319 0
-211 238 320 0
211 270 -320 0
-212 240 321 0
212 272 -321 0
-213 242 322 0
213 274 -322 0
-214 244 323 0
214 276 -323 0
-215 246 324 0
215 278 -324 0
-216 248 325 0
216 280 -325 0
-273 -276 0
-273 -278 0
-273 -280 0
-273 -288 0
-275 -274 0
-275 -278 0
-275 -280 0
-275 -288 0
-277 -274 0
-277 -276 0
-277 -280 0
-277 -288 0
-279 -274 0
-279 -276 0
-279 -278 0
-279 -288 0
-287 -274 0
-287 -276 0
-287 -278 0
-287 -280 0
-265 -268 0
-265 -270 0
-265 -272 0
-265 -286 0
-267 -266 0
-267 -270 0
-267 -272 0
-267 -286 0
-269 -266 0
-269 -268 0
-269 -272 0
-269 -286 0
-271 -266 0
-271 -268 0
-271 -270 0
-271 -286 0
-285 -266 0
-285 -268 0
-285 -270 0
-285 -272 0
-257 -260 0
-257 -262 0
-257 -264 0
-257 -284 0
-259 -258 0
-259 -262 0
-259 -264 0
-259 -284 0
-261 -258 0
-261 -260 0
-261 -264 0
-261 -284 0
-263 -258 0
-263 -260 0
-263 -262 0
-263 -284 0
-283 -258 0
-283 -260 0
-283 -262 0
-283 -264 0
-249 -252 0
-249 -254 0
-249 -256 0
-249 -282 0
-251 -250 0
-251 -254 0
-251 -256 0
-251 -282 0
-253 -250 0
-253 -252 0
-253 -256 0
-253 -282 0
-255 -250 0
-255 -252 0
-255 -254 0
-255 -282 0
-281 -250 0
-281 -252 0
-281 -254 0
-281 -256 0
-217 -220 0
-217 -222 0
-217 -224 0
-217 -250 0
-217 -258 0
-217 -266 0
-217 -274 0
-217 -290 0
-219 -218 0
-219 -222 0
-219 -224 0
-219 -250 0
-219 -258 0
-219 -266 0
-219 -274 0
-219 -290 0
-221 -218 0
-221 -220 0
-221 -224 0
-221 -250 0
-221 -258 0
-221 -266 0
-221 -274 0
-221 -290 0
-223 -218 0
-223 -220 0
-223 -222 0
-223 -250 0
-223 -258 0
-223 -266 0
-223 -274 0
-223 -290 0
-249 -218 0
-249 -220 0
-249 -222 0
-249 -224 0
-249 -258 0
-249 -266 0
-249 -274 0
-249 -290 0
-257 -218 0
-257 -220 0
-257 -222 0
-257 -224 0
-257 -250 0
-257 -266 0
-257 -274 0
-257 -290 0
-265 -218 0
-265 -220 0
-265 -222 0
-265 -224 0
-265 -250 0
-265 -258 0
-265 -274 0
-265 -290 0
-273 -218 0
-273 -220 0
-273 -222 0
-273 -224 0
-273 -250 0
-273 -258 0
-273 -266 0
-273 -290 0
-289 -218 0
-289 -220 0
-289 -222 0
-289 -224 0
-289 -250 0
-289 -258 0
-289 -266 0
-289 -274 0
-217 -226 0
-217 -228 0
-217 -230 0
-217 -232 0
-217 -234 0
-217 -236 0
-217 -238 0
-217 -240 0
-217 -242 0
-217 -244 0
-217 -246 0
-217 -248 0
-217 -292 0
-217 -294 0
-217 -296 0
-219 -226 0
-219 -228 0
-219 -230 0
-219 -232 0
-219 -234 0
-219 -236 0
-219 -238 0
-219 -240 0
-219 -242 0
-219 -244 0
-219 -246 0
-219 -248 0
-219 -292 0
-219 -294 0
-219 -296 0
-221 -226 0
-221 -228 0
-221 -230 0
-221 -232 0
-221 -234 0
-221 -236 0
-221 -238 0
-221 -240 0
-221 -242 0
-221 -244 0
-221 -246 0
-221 -248 0
-221 -292 0
-221 -294 0
-221 -296 0
-223 -226 0
-223 -228 0
-223 -230 0
-223 -232 0
-223 -234 0
-223 -236 0
-223 -238 0
-223 -240 0
-223 -242 0
-223 -244 0
-223 -246 0
-223 -248 0
-223 -292 0
-223 -294 0
-223 -296 0
-225 -218 0
-225 -220 0
-225 -222 0
-225 -224 0
-225 -228 0
-225 -230 0
-225 -232 0
-225 -234 0
-225 -236 0
-225 -238 0
-225 -240 0
-225 -242 0
-225 -244 0
-225 -246 0
-225 -248 0
-225 -290 0
-225 -292 0
-225 -294 0
-225 -296 0
-227 -218 0
-227 -220 0
-227 -222 0
-227 -224 0
-227 -226 0
-227 -230 0
-227 -232 0
-227 -234 0
-227 -236 0
-227 -238 0
-227 -240 0
-227 -242 0
-227 -244 0
-227 -246 0
-227 -248 0
-227 -290 0
-227 -292 0
-227 -294 0
-227 -296 0
-229 -218 0
-229 -220 0
-229 -222 0
-229 -224 0
-229 -226 0
-229 -228 0
-229 -232 0
-229 -234 0
-229 -236 0
-229 -238 0
-229 -240 0
-229 -242 0
-229 -244 0
-229 -246 0
-229 -248 0
-229 -290 0
-229 -292 0
-229 -294 0
-229 -296 0
-231 -218 0
-231 -220 0
-231 -222 0
-231 -224 0
-231 -226 0
-231 -228 0
-231 -230 0
-231 -234 0
-231 -236 0
-231 -238 0
-231 -240 0
-231 -242 0
-231 -244 0
-231 -246 0
-231 -248 0
-231 -290 0
-231 -292 0
-231 -294 0
-231 -296 0
-233 -218 0
-233 -220 0
-233 -222 0
-233 -224 0
-233 -226 0
-233 -228 0
-233 -230 0
-233 -232 0
-233 -236 0
-233 -238 0
-233 -240 0
-233 -242 0
-233 -244 0
-233 -246 0
-233 -248 0
-233 -290 0
-233 -292 0
-233 -294 0
-233 -296 0
-235 -218 0
-235 -220 0
-235 -222 0
-235 -224 0
-235 -226 0
-235 -228 0
-235 -230 0
-235 -232 0
-235 -234 0
-235 -238 0
-235 -240 0
-235 -242 0
-235 -244 0
-235 -246 0
-235 -248 0
-235 -290 0
-235 -292 0
-235 -294 0
-235 -296 0
-237 -218 0
-237 -220 0
-237 -222 0
-237 -224 0
-237 -226 0
-237 -228 0
-237 -230 0
-237 -232 0
-237 -234 0
-237 -236 0
-237 -240 0
-237 -242 0
-237 -244 0
-237 -246 0
-237 -248 0
-237 -290 0
-237 -292 0
-237 -294 0
-237 -296 0
-239 -218 0
-239 -220 0
-239 -222 0
-239 -224 0
-239 -226 0
-239 -228 0
-239 -230 0
-239 -232 0
-239 -234 0
-239 -236 0
-239 -238 0
-239 -242 0
-239 -244 0
-239 -246 0
-239 -248 0
-239 -290 0
-239 -292 0
-239 -294 0
-239 -296 0
-241 -218 0
-241 -220 0
-241 -222 0
-241 -224 0
-241 -226 0
-241 -228 0
-241 -230 0
-241 -232 0
-241 -234 0
-241 -236 0
-241 -238 0
-241 -240 0
-241 -244 0
-241 -246 0
-241 -248 0
-241 -290 0
-241 -292 0
-241 -294 0
-241 -296 0
-243 -218 0
-243 -220 0
-243 -222 0
-243 -224 0
-243 -226 0
-243 -228 0
-243 -230 0
-243 -232 0
-243 -234 0
-243 -236 0
-243 -238 0
-243 -240 0
-243 -242 0
-243 -246 0
-243 -248 0
-243 -290 0
-243 -292 0
-243 -294 0
-243 -296 0
-245 -218 0
-245 -220 0
-245 -222 0
-245 -224 0
-245 -226 0
-245 -228 0
-245 -230 0
-245 -232 0
-245 -234 0
-245 -236 0
-245 -238 0
-245 -240 0
-245 -242 0
-245 -244 0
-245 -248 0
-245 -290 0
-245 -292 0
-245 -294 0
-245 -296 0
-247 -218 0
-247 -220 0
-247 -222 0
-247 -224 0
-247 -226 0
-247 -228 0
-247 -230 0
-247 -232 0
-247 -234 0
-247 -236 0
-247 -238 0
-247 -240 0
-247 -242 0
-247 -244 0
-247 -246 0
-247 -290 0
-247 -292 0
-247 -294 0
-247 -296 0
-289 -226 0
-289 -228 0
-289 -230 0
-289 -232 0
-289 -234 0
-289 -236 0
-289 -238 0
-289 -240 0
-289 -242 0
-289 -244 0
-289 -246 0
-289 -248 0
-289 -292 0
-289 -294 0
-289 -296 0
-291 -218 0
-291 -220 0
-291 -222 0
-291 -224 0
-291 -226 0
-291 -228 0
-291 -230 0
-291 -232 0
-291 -234 0
-291 -236 0
-291 -238 0
-291 -240 0
-291 -242 0
-291 -244 0
-291 -246 0
-291 -248 0
-291 -290 0
-291 -294 0
-291 -296 0
-293 -218 0
-293 -220 0
-293 -222 0
-293 -224 0
-293 -226 0
-293 -228 0
-293 -230 0
-293 -232 0
-293 -234 0
-293 -236 0
-293 -238 0
-293 -240 0
-293 -242 0
-293 -244 0
-293 -246 0
-293 -248 0
-293 -290 0
-293 -292 0
-293 -296 0
-295 -218 0
-295 -220 0
-295 -222 0
-295 -224 0
-295 -226 0
-295 -228 0
-295 -230 0
-295 -232 0
-295 -234 0
-295 -236 0
-295 -238 0
-295 -240 0
-295 -242 0
-295 -244 0
-295 -246 0
-295 -248 0
-295 -290 0
-295 -292 0
-295 -294 0
-225 -252 0
-225 -260 0
-225 -268 0
-225 -276 0
-227 -252 0
-227 -260 0
-227 -268 0
-227 -276 0
-229 -252 0
-229 -260 0
-229 -268 0
-229 -276 0
-231 -252 0
-231 -260 0
-231 -268 0
-231 -276 0
-251 -226 0
-251 -228 0
-251 -230 0
-251 -232 0
-251 -260 0
-251 -268 0
-251 -276 0
-251 -292 0
-259 -226 0
-259 -228 0
-259 -230 0
-259 -232 0
-259 -252 0
-259 -268 0
-259 -276 0
-259 -292 0
-267 -226 0
-267 -228 0
-267 -230 0
-267 -232 0
-267 -252 0
-267 -260 0
-267 -276 0
-267 -292 0
-275 -226 0
-275 -228 0
-275 -230 0
-275 -232 0
-275 -252 0
-275 -260 0
-275 -268 0
-275 -292 0
-291 -252 0
-291 -260 0
-291 -268 0
-291 -276 0
-233 -254 0
-233 -262 0
-233 -270 0
-233 -278 0
-235 -254 0
-235 -262 0
-235 -270 0
-235 -278 0
-237 -254 0
-237 -262 0
-237 -270 0
-237 -278 0
-239 -254 0
-239 -262 0
-239 -270 0
-239 -278 0
-253 -234 0
-253 -236 0
-253 -238 0
-253 -240 0
-253 -262 0
-253 -270 0
-253 -278 0
-253 -294 0
-261 -234 0
-261 -236 0
-261 -238 0
-261 -240 0
-261 -254 0
-261 -270 0
-261 -278 0
-261 -294 0
-269 -234 0
-269 -236 0
-269 -238 0
-269 -240 0
-269 -254 0
-269 -262 0
-269 -278 0
-269 -294 0
-277 -234 0
-277 -236 0
-277 -238 0
-277 -240 0
-277 -254 0
-277 -262 0
-277 -270 0
-277 -294 0
-293 -254 0
-293 -262 0
-293 -270 0
-293 -278 0
-241 -256 0
-241 -264 0
-241 -272 0
-241 -280 0
-243 -256 0
-243 -264 0
-243 -272 0
-243 -280 0
-245 -256 0
-245 -264 0
-245 -272 0
-245 -280 0
-247 -256 0
-247 -264 0
-247 -272 0
-247 -280 0
-255 -242 0
-255 -244 0
-255 -246 0
-255 -248 0
-255 -264 0
-255 -272 0
-255 -280 0
-255 -296 0
-263 -242 0
-263 -244 0
-263 -246 0
-263 -248 0
-263 -256 0
-263 -272 0
-263 -280 0
-263 -296 0
-271 -242 0
-271 -244 0
-271 -246 0
-271 -248 0
-271 -256 0
-271 -264 0
-271 -280 0
-271 -296 0
-279 -242 0
-279 -244 0
-279 -246 0
-279 -248 0
-279 -256 0
-279 -264 0
-279 -272 0
-279 -296 0
-295 -256 0
-295 -264 0
-295 -272 0
-295 -280 0
-242 -274 0
-242 -276 0
-242 -278 0
-242 -280 0
-242 -288 0
-244 -274 0
-244 -276 0
-244 -278 0
-244 -280 0
-244 -288 0
-246 -274 0
-246 -276 0
-246 -278 0
-246 -280 0
-246 -288 0
-248 -274 0
-248 -276 0
-248 -278 0
-248 -280 0
-248 -288 0
-296 -274 0
-296 -276 0
-296 -278 0
-296 -280 0
-296 -288 0
-234 -266 0
-234 -268 0
-234 -270 0
-234 -272 0
-234 -286 0
-236 -266 0
-236 -268 0
-236 -270 0
-236 -272 0
-236 -286 0
-238 -266 0
-238 -268 0
-238 -270 0
-238 -272 0
-238 -286 0
-240 -266 0
-240 -268 0
-240 -270 0
-240 -272 0
-240 -286 0
-294 -266 0
-294 -268 0
-294 -270 0
-294 -272 0
-294 -286 0
-226 -258 0
-226 -260 0
-226 -262 0
-226 -264 0
-226 -284 0
-228 -258 0
-228 -260 0
-228 -262 0
-228 -264 0
-228 -284 0
-230 -258 0
-230 -260 0
-230 -262 0
-230 -264 0
-230 -284 0
-232 -258 0
-232 -260 0
-232 -262 0
-232 -264 0
-232 -284 0
-292 -258 0
-292 -260 0
-292 -262 0
-292 -264 0
-292 -284 0
-218 -250 0
-218 -252 0
-218 -254 0
-218 -256 0
-218 -282 0
-220 -250 0
-220 -252 0
-220 -254 0
-220 -256 0
-220 -282 0
-222 -250 0
-222 -252 0
-222 -254 0
-222 -256 0
-222 -282 0
-224 -250 0
-224 -252 0
-224 -254 0
-224 -256 0
-224 -282 0
-290 -250 0
-290 -252 0
-290 -254 0
-290 -256 0
-290 -282 0
-280 -248 0
-278 -246 0
-276 -244 0
-274 -242 0
-272 -240 0
-270 -238 0
-268 -236 0
-266 -234 0
-264 -232 0
-262 -230 0
-260 -228 0
-258 -226 0
-256 -224 0
-254 -222 0
-252 -220 0
-250 -218 0
-218 -220 0
-218 -222 0
-218 -224 0
-218 -258 0
-218 -266 0
-218 -274 0
-218 -290 0
-226 -218 0
-226 -220 0
-226 -222 0
-226 -224 0
-226 -250 0
-226 -266 0
-226 -274 0
-226 -290 0
-234 -218 0
-234 -220 0
-234 -222 0
-234 -224 0
-234 -250 0
-234 -258 0
-234 -274 0
-234 -290 0
-242 -218 0
-242 -220 0
-242 -222 0
-242 -224 0
-242 -250 0
-242 -258 0
-242 -266 0
-242 -290 0
-250 -220 0
-250 -222 0
-250 -224 0
-250 -258 0
-250 -266 0
-250 -274 0
-250 -290 0
-252 -218 0
-252 -222 0
-252 -224 0
-252 -250 0
-252 -258 0
-252 -266 0
-252 -274 0
-252 -290 0
-254 -218 0
-254 -220 0
-254 -224 0
-254 -250 0
-254 -258 0
-254 -266 0
-254 -274 0
-254 -290 0
-256 -218 0
-256 -220 0
-256 -222 0
-256 -250 0
-256 -258 0
-256 -266 0
-256 -274 0
-256 -290 0
-282 -218 0
-282 -220 0
-282 -222 0
-282 -224 0
-282 -250 0
-282 -258 0
-282 -266 0
-282 -274 0
-282 -290 0
-250 -226 0
-250 -228 0
-250 -230 0
-250 -232 0
-250 -234 0
-250 -236 0
-250 -238 0
-250 -240 0
-250 -242 0
-250 -244 0
-250 -246 0
-250 -248 0
-250 -292 0
-250 -294 0
-250 -296 0
-252 -226 0
-252 -228 0
-252 -230 0
-252 -232 0
-252 -234 0
-252 -236 0
-252 -238 0
-252 -240 0
-252 -242 0
-252 -244 0
-252 -246 0
-252 -248 0
-252 -292 0
-252 -294 0
-252 -296 0
-254 -226 0
-254 -228 0
-254 -230 0
-254 -232 0
-254 -234 0
-254 -236 0
-254 -238 0
-254 -240 0
-254 -242 0
-254 -244 0
-254 -246 0
-254 -248 0
-254 -292 0
-254 -294 0
-254 -296 0
-256 -226 0
-256 -228 0
-256 -230 0
-256 -232 0
-256 -234 0
-256 -236 0
-256 -238 0
-256 -240 0
-256 -242 0
-256 -244 0
-256 -246 0
-256 -248 0
-256 -292 0
-256 -294 0
-256 -296 0
-258 -218 0
-258 -220 0
-258 -222 0
-258 -224 0
-258 -228 0
-258 -230 0
-258 -232 0
-258 -234 0
-258 -236 0
-258 -238 0
-258 -240 0
-258 -242 0
-258 -244 0
-258 -246 0
-258 -248 0
-258 -290 0
-258 -292 0
-258 -294 0
-258 -296 0
-260 -218 0
-260 -220 0
-260 -222 0
-260 -224 0
-260 -226 0
-260 -230 0
-260 -232 0
-260 -234 0
-260 -236 0
-260 -238 0
-260 -240 0
-260 -242 0
-260 -244 0
-260 -246 0
-260 -248 0
-260 -290 0
-260 -292 0
-260 -294 0
-260 -296 0
-262 -218 0
-262 -220 0
-262 -222 0
-262 -224 0
-262 -226 0
-262 -228 0
-262 -232 0
-262 -234 0
-262 -236 0
-262 -238 0
-262 -240 0
-262 -242 0
-262 -244 0
-262 -246 0
-262 -248 0
-262 -290 0
-262 -292 0
-262 -294 0
-262 -296 0
-264 -218 0
-264 -220 0
-264 -222 0
-264 -224 0
-264 -226 0
-264 -228 0
-264 -230 0
-264 -234 0
-264 -236 0
-264 -238 0
-264 -240 0
-264 -242 0
-264 -244 0
-264 -246 0
-264 -248 0
-264 -290 0
-264 -292 0
-264 -294 0
-264 -296 0
-266 -218 0
-266 -220 0
-266 -222 0
-266 -224 0
-266 -226 0
-266 -228 0
-266 -230 0
-266 -232 0
-266 -236 0
-266 -238 0
-266 -240 0
-266 -242 0
-266 -244 0
-266 -246 0
-266 -248 0
-266 -290 0
-266 -292 0
-266 -294 0
-266 -296 0
-268 -218 0
-268 -220 0
-268 -222 0
-268 -224 0
-268 -226 0
-268 -228 0
-268 -230 0
-268 -232 0
-268 -234 0
-268 -238 0
-268 -240 0
-268 -242 0
-268 -244 0
-268 -246 0
-268 -248 0
-268 -290 0
-268 -292 0
-268 -294 0
-268 -296 0
-270 -218 0
-270 -220 0
-270 -222 0
-270 -224 0
-270 -226 0
-270 -228 0
-270 -230 0
-270 -232 0
-270 -234 0
-270 -236 0
-270 -240 0
-270 -242 0
-270 -244 0
-270 -246 0
-270 -248 0
-270 -290 0
-270 -292 0
-270 -294 0
-270 -296 0
-272 -218 0
-272 -220 0
-272 -222 0
-272 -224 0
-272 -226 0
-272 -228 0
-272 -230 0
-272 -232 0
-272 -234 0
-272 -236 0
-272 -238 0
-272 -242 0
-272 -244 0
-272 -246 0
-272 -248 0
-272 -290 0
-272 -292 0
-272 -294 0
-272 -296 0
-274 -218 0
-274 -220 0
-274 -222 0
-274 -224 0
-274 -226 0
-274 -228 0
-274 -230 0
-274 -232 0
-274 -234 0
-274 -236 0
-274 -238 0
-274 -240 0
-274 -244 0
-274 -246 0
-274 -248 0
-274 -290 0
-274 -292 0
-274 -294 0
-274 -296 0
-276 -218 0
-276 -220 0
-276 -222 0
-276 -224 0
-276 -226 0
-276 -228 0
-276 -230 0
-276 -232 0
-276 -234 0
-276 -236 0
-276 -238 0
-276 -240 0
-276 -242 0
-276 -246 0
-276 -248 0
-276 -290 0
-276 -292 0
-276 -294 0
-276 -296 0
-278 -218 0
-278 -220 0
-278 -222 0
-278 -224 0
-278 -226 0
-278 -228 0
-278 -230 0
-278 -232 0
-278 -234 0
-278 -236 0
-278 -238 0
-278 -240 0
-278 -242 0
-278 -244 0
-278 -248 0
-278 -290 0
-278 -292 0
-278 -294 0
-278 -296 0
-280 -218 0
-280 -220 0
-280 -222 0
-280 -224 0
-280 -226 0
-280 -228 0
-280 -230 0
-280 -232 0
-280 -234 0
-280 -236 0
-280 -238 0
-280 -240 0
-280 -242 0
-280 -244 0
-280 -246 0
-280 -290 0
-280 -292 0
-280 -294 0
-280 -296 0
-282 -226 0
-282 -228 0
-282 -230 0
-282 -232 0
-282 -234 0
-282 -236 0
-282 -238 0
-282 -240 0
-282 -242 0
-282 -244 0
-282 -246 0
-282 -248 0
-282 -292 0
-282 -294 0
-282 -296 0
-284 -218 0
-284 -220 0
-284 -222 0
-284 -224 0
-284 -226 0
-284 -228 0
-284 -230 0
-284 -232 0
-284 -234 0
-284 -236 0
-284 -238 0
-284 -240 0
-284 -242 0
-284 -244 0
-284 -246 0
-284 -248 0
-284 -290 0
-284 -292 0
-284 -294 0
-284 -296 0
-286 -218 0
-286 -220 0
-286 -222 0
-286 -224 0
-286 -226 0
-286 -228 0
-286 -230 0
-286 -232 0
-286 -234 0
-286 -236 0
-286 -238 0
-286 -240 0
-286 -242 0
-286 -244 0
-286 -246 0
-286 -248 0
-286 -290 0
-286 -292 0
-286 -294 0
-286 -296 0
-288 -218 0
-288 -220 0
-288 -222 0
-288 -224 0
-288 -226 0
-288 -228 0
-288 -230 0
-288 -232 0
-288 -234 0
-288 -236 0
-288 -238 0
-288 -240 0
-288 -242 0
-288 -244 0
-288 -246 0
-288 -248 0
-288 -290 0
-288 -292 0
-288 -294 0
-288 -296 0
-220 -226 0
-220 -228 0
-220 -230 0
-220 -232 0
-220 -260 0
-220 -268 0
-220 -276 0
-220 -292 0
-228 -226 0
-228 -230 0
-228 -232 0
-228 -252 0
-228 -268 0
-228 -276 0
-228 -292 0
-236 -226 0
-236 -228 0
-236 -230 0
-236 -232 0
-236 -252 0
-236 -260 0
-236 -276 0
-236 -292 0
-244 -226 0
-244 -228 0
-244 -230 0
-244 -232 0
-244 -252 0
-244 -260 0
-244 -268 0
-244 -292 0
-258 -252 0
-258 -260 0
-258 -268 0
-258 -276 0
-260 -252 0
-260 -268 0
-260 -276 0
-262 -252 0
-262 -260 0
-262 -268 0
-262 -276 0
-264 -252 0
-264 -260 0
-264 -268 0
-264 -276 0
-284 -252 0
-284 -260 0
-284 -268 0
-284 -276 0
-222 -234 0
-222 -236 0
-222 -238 0
-222 -240 0
-222 -262 0
-222 -270 0
-222 -278 0
-222 -294 0
-230 -234 0
-230 -236 0
-230 -238 0
-230 -240 0
-230 -254 0
-230 -270 0
-230 -278 0
-230 -294 0
-238 -234 0
-238 -236 0
-238 -240 0
-238 -254 0
-238 -262 0
-238 -278 0
-238 -294 0
-246 -234 0
-246 -236 0
-246 -238 0
-246 -240 0
-246 -254 0
-246 -262 0
-246 -270 0
-246 -294 0
-266 -254 0
-266 -262 0
-266 -270 0
-266 -278 0
-268 -254 0
-268 -262 0
-268 -270 0
-268 -278 0
-270 -254 0
-270 -262 0
-270 -278 0
-272 -254 0
-272 -262 0
-272 -270 0
-272 -278 0
-286 -254 0
-286 -262 0
-286 -270 0
-286 -278 0
-224 -242 0
-224 -244 0
-224 -246 0
-224 -248 0
-224 -264 0
-224 -272 0
-224 -280 0
-224 -296 0
-232 -242 0
-232 -244 0
-232 -246 0
-232 -248 0
-232 -256 0
-232 -272 0
-232 -280 0
-232 -296 0
-240 -242 0
-240 -244 0
-240 -246 0
-240 -248 0
-240 -256 0
-240 -264 0
-240 -280 0
-240 -296 0
-248 -242 0
-248 -244 0
-248 -246 0
-248 -256 0
-248 -264 0
-248 -272 0
-248 -296 0
-274 -256 0
-274 -264 0
-274 -272 0
-274 -280 0
-276 -256 0
-276 -264 0
-276 -272 0
-276 -280 0
-278 -256 0
-278 -264 0
-278 -272 0
-278 -280 0
-280 -256 0
-280 -264 0
-280 -272 0
-288 -256 0
-288 -264 0
-288 -272 0
-288 -280 0
-326 297 0
-326 305 0
-326 310 0
-328 297 0
-328 305 0
-328 311 0
-330 297 0
-330 305 0
-330 312 0
-332 297 0
-332 305 0
-332 313 0
-334 297 0
-334 304 0
-334 314 0
-336 297 0
-336 304 0
-336 315 0
-338 297 0
-338 304 0
-338 316 0
-340 297 0
-340 304 0
-340 317 0
-342 297 0
-342 303 0
-342 318 0
-344 297 0
-344 303 0
-344 319 0
-346 297 0
-346 303 0
-346 320 0
-348 297 0
-348 303 0
-348 321 0
-350 297 0
-350 302 0
-350 322 0
-352 297 0
-352 302 0
-352 323 0
-354 297 0
-354 302 0
-354 324 0
-356 297 0
-356 302 0
-356 325 0
-358 305 0
-358 306 0
-360 304 0
-360 306 0
-362 303 0
-362 306 0
-364 302 0
-364 306 0
-366 305 0
-366 307 0
-368 304 0
-368 307 0
-370 303 0
-370 307 0
-372 302 0
-372 307 0
-374 305 0
-374 308 0
-376 304 0
-376 308 0
-378 303 0
-378 308 0
-380 302 0
-380 308 0
-382 305 0
-382 309 0
-384 304 0
-384 309 0
-386 303 0
-386 309 0
-388 302 0
-388 309 0
-390 306 0
-392 307 0
-394 308 0
-396 309 0
-398 297 0
-398 301 0
-398 305 0
-400 297 0
-400 300 0
-400 304 0
-402 297 0
-402 299 0
-402 303 0
-404 297 0
-404 298 0
-404 302 0
-327 326 0
-329 328 0
-331 330 0
-333 332 0
-335 334 0
-337 336 0
-339 338 0
-341 340 0
-343 342 0
-345 344 0
-347 346 0
-349 348 0
-351 350 0
-353 352 0
-355 354 0
-357 356 0
-359 358 0
-361 360 0
-363 362 0
-365 364 0
-367 366 0
-369 368 0
-371 370 0
-373 372 0
-375 374 0
-377 376 0
-379 378 0
-381 380 0
-383 382 0
-385 384 0
-387 386 0
-389 388 0
-391 390 0
-393 392 0
-395 394 0
-397 396 0
-399 398 0
-401 400 0
-403 402 0
-405 404 0
-326 327 0
-328 329 0
-330 331 0
-332 333 0
-334 335 0
-336 337 0
-338 339 0
-340 341 0
-342 343 0
-344 345 0
-346 347 0
-348 349 0
-350 351 0
-352 353 0
-354 355 0
-356 357 0
-358 359 0
-360 361 0
-362 363 0
-364 365 0
-366 367 0
-368 369 0
-370 371 0
-372 373 0
-374 375 0
-376 377 0
-378 379 0
-380 381 0
-382 383 0
-384 385 0
-386 387 0
-388 389 0
-390 391 0
-392 393 0
-394 395 0
-396 397 0
-398 399 0
-400 401 0
-402 403 0
-404 405 0
-327 415 0
-327 414 0
-327 -414 0
-327 -406 0
-327 -419 0
-329 415 0
-329 413 0
-329 -414 0
-329 -406 0
-329 -420 0
-331 415 0
-331 412 0
-331 -414 0
-331 -406 0
-331 -421 0
-333 415 0
-333 411 0
-333 -414 0
-333 -406 0
-333 -422 0
-335 416 0
-335 414 0
-335 -413 0
-335 -406 0
-335 -423 0
-337 416 0
-337 413 0
-337 -413 0
-337 -406 0
-337 -424 0
-339 416 0
-339 412 0
-339 -413 0
-339 -406 0
-339 -425 0
-341 416 0
-341 411 0
-341 -413 0
-341 -406 0
-341 -426 0
-343 417 0
-343 414 0
-343 -412 0
-343 -406 0
-343 -427 0
-345 417 0
-345 413 0
-345 -412 0
-345 -406 0
-345 -428 0
-347 417 0
-347 412 0
-347 -412 0
-347 -406 0
-347 -429 0
-349 417 0
-349 411 0
-349 -412 0
-349 -406 0
-349 -430 0
-351 418 0
-351 414 0
-351 -411 0
-351 -406 0
-351 -431 0
-353 418 0
-353 413 0
-353 -411 0
-353 -406 0
-353 -432 0
-355 418 0
-355 412 0
-355 -411 0
-355 -406 0
-355 -433 0
-357 418 0
-357 411 0
-357 -411 0
-357 -406 0
-357 -434 0
-359 414 0
-359 406 0
-359 419 0
-359 -415 0
-359 -414 0
-361 414 0
-361 406 0
-361 420 0
-361 -415 0
-361 -413 0
-363 414 0
-363 406 0
-363 421 0
-363 -415 0
-363 -412 0
-365 414 0
-365 406 0
-365 422 0
-365 -415 0
-365 -411 0
-367 413 0
-367 406 0
-367 423 0
-367 -416 0
-367 -414 0
-369 413 0
-369 406 0
-369 424 0
-369 -416 0
-369 -413 0
-371 413 0
-371 406 0
-371 425 0
-371 -416 0
-371 -412 0
-373 413 0
-373 406 0
-373 426 0
-373 -416 0
-373 -411 0
-375 412 0
-375 406 0
-375 427 0
-375 -417 0
-375 -414 0
-377 412 0
-377 406 0
-377 428 0
-377 -417 0
-377 -413 0
-379 412 0
-379 406 0
-379 429 0
-379 -417 0
-379 -412 0
-381 412 0
-381 406 0
-381 430 0
-381 -417 0
-381 -411 0
-383 411 0
-383 406 0
-383 431 0
-383 -418 0
-383 -414 0
-385 411 0
-385 406 0
-385 432 0
-385 -418 0
-385 -413 0
-387 411 0
-387 406 0
-387 433 0
-387 -418 0
-387 -412 0
-389 411 0
-389 406 0
-389 434 0
-389 -418 0
-389 -411 0
-391 414 0
-391 406 0
-391 410 0
-391 -415 0
-393 413 0
-393 406 0
-393 409 0
-393 -416 0
-395 412 0
-395 406 0
-395 408 0
-395 -417 0
-397 411 0
-397 406 0
-397 407 0
-397 -418 0
-399 415 0
-399 -410 0
-399 -414 0
-399 -406 0
-401 416 0
-401 -409 0
-401 -413 0
-401 -406 0
-403 417 0
-403 -408 0
-403 -412 0
-403 -406 0
-405 418 0
-405 -407 0
-405 -411 0
-405 -406 0
-297 327 329 331 333 335 337 339 341 343 345 347 349 351 353 355 357 399 401 403 405 406 0
297 359 361 363 365 367 369 371 373 375 377 379 381 383 385 387 389 391 393 395 397 -406 0
-298 405 407 0
298 397 -407 0
-299 403 408 0
299 395 -408 0
-300 401 409 0
300 393 -409 0
-301 399 410 0
301 391 -410 0
-302 351 353 355 357 365 373 381 389 405 411 0
302 333 341 349 357 383 385 387 389 397 -411 0
-303 343 345 347 349 363 371 379 387 403 412 0
303 331 339 347 355 375 377 379 381 395 -412 0
-304 335 337 339 341 361 369 377 385 401 413 0
304 329 337 345 353 367 369 371 373 393 -413 0
-305 327 329 331 333 359 367 375 383 399 414 0
305 327 335 343 351 359 361 363 365 391 -414 0
-306 359 361 363 365 391 415 0
306 327 329 331 333 399 -415 0
-307 367 369 371 373 393 416 0
307 335 337 339 341 401 -416 0
-308 375 377 379 381 395 417 0
308 343 345 347 349 403 -417 0
-309 383 385 387 389 397 418 0
309 351 353 355 357 405 -418 0
-310 327 419 0
310 359 -419 0
-311 329 420 0
311 361 -420 0
-312 331 421 0
312 363 -421 0
-313 333 422 0
313 365 -422 0
-314 335 423 0
314 367 -423 0
-315 337 424 0
315 369 -424 0
-316 339 425 0
316 371 -425 0
-317 341 426 0
317 373 -426 0
-318 343 427 0
318 375 -427 0
-319 345 428 0
319 377 -428 0
-320 347 429 0
320 379 -429 0
-321 349 430 0
321 381 -430 0
-322 351 431 0
322 383 -431 0
-323 353 432 0
323 385 -432 0
-324 355 433 0
324 387 -433 0
-325 357 434 0
325 389 -434 0
-382 -385 0
-382 -387 0
-382 -389 0
-382 -397 0
-384 -383 0
-384 -387 0
-384 -389 0
-384 -397 0
-386 -383 0
-386 -385 0
-386 -389 0
-386 -397 0
-388 -383 0
-388 -385 0
-388 -387 0
-388 -397 0
-396 -383 0
-396 -385 0
-396 -387 0
-396 -389 0
-374 -377 0
-374 -379 0
-374 -381 0
-374 -395 0
-376 -375 0
-376 -379 0
-376 -381 0
-376 -395 0
-378 -375 0
-378 -377 0
-378 -381 0
-378 -395 0
-380 -375 0
-380 -377 0
-380 -379 0
-380 -395 0
-394 -375 0
-394 -377 0
-394 -379 0
-394 -381 0
-366 -369 0
-366 -371 0
-366 -373 0
-366 -393 0
-368 -367 0
-368 -371 0
-368 -373 0
-368 -393 0
-370 -367 0
-370 -369 0
-370 -373 0
-370 -393 0
-372 -367 0
-372 -369 0
-372 -371 0
-372 -393 0
-392 -367 0
-392 -369 0
-392 -371 0
-392 -373 0
-358 -361 0
-358 -363 0
-358 -365 0
-358 -391 0
-360 -359 0
-360 -363 0
-360 -365 0
-360 -391 0
-362 -359 0
-362 -361 0
-362 -365 0
-362 -391 0
-364 -359 0
-364 -361 0
-364 -363 0
-364 -391 0
-390 -359 0
-390 -361 0
-390 -363 0
-390 -365 0
-326 -329 0
-326 -331 0
-326 -333 0
-326 -359 0
-326 -367 0
-326 -375 0
-326 -383 0
-326 -399 0
-328 -327 0
-328 -331 0
-328 -333 0
-328 -359 0
-328 -367 0
-328 -375 0
-328 -383 0
-328 -399 0
-330 -327 0
-330 -329 0
-330 -333 0
-330 -359 0
-330 -367 0
-330 -375 0
-330 -383 0
-330 -399 0
-332 -327 0
-332 -329 0
-332 -331 0
-332 -359 0
-332 -367 0
-332 -375 0
-332 -383 0
-332 -399 0
-358 -327 0
-358 -329 0
-358 -331 0
-358 -333 0
-358 -367 0
-358 -375 0
-358 -383 0
-358 -399 0
-366 -327 0
-366 -329 0
-366 -331 0
-366 -333 0
-366 -359 0
-366 -375 0
-366 -383 0
-366 -399 0
-374 -327 0
-374 -329 0
-374 -331 0
-374 -333 0
-374 -359 0
-374 -367 0
-374 -383 0
-374 -399 0
-382 -327 0
-382 -329 0
-382 -331 0
-382 -333 0
-382 -359 0
-382 -367 0
-382 -375 0
-382 -399 0
-398 -327 0
-398 -329 0
-398 -331 0
-398 -333 0
-398 -359 0
-398 -367 0
-398 -375 0
-398 -383 0
-326 -335 0
-326 -337 0
-326 -339 0
-326 -341 0
-326 -343 0
-326 -345 0
-326 -347 0
-326 -349 0
-326 -351 0
-326 -353 0
-326 -355 0
-326 -357 0
-326 -401 0
-326 -403 0
-326 -405 0
-328 -335 0
-328 -337 0
-328 -339 0
-328 -341 0
-328 -343 0
-328 -345 0
-328 -347 0
-328 -349 0
-328 -351 0
-328 -353 0
-328 -355 0
-328 -357 0
-328 -401 0
-328 -403 0
-328 -405 0
-330 -335 0
-330 -337 0
-330 -339 0
-330 -341 0
-330 -343 0
-330 -345 0
-330 -347 0
-330 -349 0
-330 -351 0
-330 -353 0
-330 -355 0
-330 -357 0
-330 -401 0
-330 -403 0
-330 -405 0
-332 -335 0
-332 -337 0
-332 -339 0
-332 -341 0
-332 -343 0
-332 -345 0
-332 -347 0
-332 -349 0
-332 -351 0
-332 -353 0
-332 -355 0
-332 -357 0
-332 -401 0
-332 -403 0
-332 -405 0
-334 -327 0
-334 -329 0
-334 -331 0
-334 -333 0
-334 -337 0
-334 -339 0
-334 -341 0
-334 -343 0
-334 -345 0
-334 -347 0
-334 -349 0
-334 -351 0
-334 -353 0
-334 -355 0
-334 -357 0
-334 -399 0
-334 -401 0
-334 -403 0
-334 -405 0
-336 -327 0
-336 -329 0
-336 -331 0
-336 -333 0
-336 -335 0
-336 -339 0
-336 -341 0
-336 -343 0
-336 -345 0
-336 -347 0
-336 -349 0
-336 -351 0
-336 -353 0
-336 -355 0
-336 -357 0
-336 -399 0
-336 -401 0
-336 -403 0
-336 -405 0
-338 -327 0
-338 -329 0
-338 -331 0
-338 -333 0
-338 -335 0
-338 -337 0
-338 -341 0
-338 -343 0
-338 -345 0
-338 -347 0
-338 -349 0
-338 -351 0
-338 -353 0
-338 -355 0
-338 -357 0
-338 -399 0
-338 -401 0
-338 -403 0
-338 -405 0
-340 -327 0
-340 -329 0
-340 -331 0
-340 -333 0
-340 -335 0
-340 -337 0
-340 -339 0
-340 -343 0
-340 -345 0
-340 -347 0
-340 -349 0
-340 -351 0
-340 -353 0
-340 -355 0
-340 -357 0
-340 -399 0
-340 -401 0
-340 -403 0
-340 -405 0
-342 -327 0
-342 -329 0
-342 -331 0
-342 -333 0
-342 -335 0
-342 -337 0
-342 -339 0
-342 -341 0
-342 -345 0
-342 -347 0
-342 -349 0
-342 -351 0
-342 -353 0
-342 -355 0
-342 -357 0
-342 -399 0
-342 -401 0
-342 -403 0
-342 -405 0
-344 -327 0
-344 -329 0
-344 -331 0
-344 -333 0
-344 -335 0
-344 -337 0
-344 -339 0
-344 -341 0
-344 -343 0
-344 -347 0
-344 -349 0
-344 -351 0
-344 -353 0
-344 -355 0
-344 -357 0
-344 -399 0
-344 -401 0
-344 -403 0
-344 -405 0
-346 -327 0
-346 -329 0
-346 -331 0
-346 -333 0
-346 -335 0
-346 -337 0
-346 -339 0
-346 -341 0
-346 -343 0
-346 -345 0
-346 -349 0
-346 -351 0
-346 -353 0
-346 -355 0
-346 -357 0
-346 -399 0
-346 -401 0
-346 -403 0
-346 -405 0
-348 -327 0
-348 -329 0
-348 -331 0
-348 -333 0
-348 -335 0
-348 -337 0
-348 -339 0
-348 -341 0
-348 -343 0
-348 -345 0
-348 -347 0
-348 -351 0
-348 -353 0
-348 -355 0
-348 -357 0
-348 -399 0
-348 -401 0
-348 -403 0
-348 -405 0
-350 -327 0
-350 -329 0
-350 -331 0
-350 -333 0
-350 -335 0
-350 -337 0
-350 -339 0
-350 -341 0
-350 -343 0
-350 -345 0
-350 -347 0
-350 -349 0
-350 -353 0
-350 -355 0
-350 -357 0
-350 -399 0
-350 -401 0
-350 -403 0
-350 -405 0
-352 -327 0
-352 -329 0
-352 -331 0
-352 -333 0
-352 -335 0
-352 -337 0
-352 -339 0
-352 -341 0
-352 -343 0
-352 -345 0
-352 -347 0
-352 -349 0
-352 -351 0
-352 -355 0
-352 -357 0
-352 -399 0
-352 -401 0
-352 -403 0
-352 -405 0
-354 -327 0
-354 -329 0
-354 -331 0
-354 -333 0
-354 -335 0
-354 -337 0
-354 -339 0
-354 -341 0
-354 -343 0
-354 -345 0
-354 -347 0
-354 -349 0
-354 -351 0
-354 -353 0
-354 -357 0
-354 -399 0
-354 -401 0
-354 -403 0
-354 -405 0
-356 -327 0
-356 -329 0
-356 -331 0
-356 -333 0
-356 -335 0
-356 -337 0
-356 -339 0
-356 -341 0
-356 -343 0
-356 -345 0
-356 -347 0
-356 -349 0
-356 -351 0
-356 -353 0
-356 -355 0
-356 -399 0
-356 -401 0
-356 -403 0
-356 -405 0
-398 -335 0
-398 -337 0
-398 -339 0
-398 -341 0
-398 -343 0
-398 -345 0
-398 -347 0
-398 -349 0
-398 -351 0
-398 -353 0
-398 -355 0
-398 -357 0
-398 -401 0
-398 -403 0
-398 -405 0
-400 -327 0
-400 -329 0
-400 -331 0
-400 -333 0
-400 -335 0
-400 -337 0
-400 -339 0
-400 -341 0
-400 -343 0
-400 -345 0
-400 -347 0
-400 -349 0
-400 -351 0
-400 -353 0
-400 -355 0
-400 -357 0
-400 -399 0
-400 -403 0
-400 -405 0
-402 -327 0
-402 -329 0
-402 -331 0
-402 -333 0
-402 -335 0
-402 -337 0
-402 -339 0
-402 -341 0
-402 -343 0
-402 -345 0
-402 -347 0
-402 -349 0
-402 -351 0
-402 -353 0
-402 -355 0
-402 -357 0
-402 -399 0
-402 -401 0
-402 -405 0
-404 -327 0
-404 -329 0
-404 -331 0
-404 -333 0
-404 -335 0
-404 -337 0
-404 -339 0
-404 -341 0
-404 -343 0
-404 -345 0
-404 -347 0
-404 -349 0
-404 -351 0
-404 -353 0
-404 -355 0
-404 -357 0
-404 -399 0
-404 -401 0
-404 -403 0
-334 -361 0
-334 -369 0
-334 -377 0
-334 -385 0
-336 -361 0
-336 -369 0
-336 -377 0
-336 -385 0
-338 -361 0
-338 -369 0
-338 -377 0
-338 -385 0
-340 -361 0
-340 -369 0
-340 -377 0
-340 -385 0
-360 -335 0
-360 -337 0
-360 -339 0
-360 -341 0
-360 -369 0
-360 -377 0
-360 -385 0
-360 -401 0
-368 -335 0
-368 -337 0
-368 -339 0
-368 -341 0
-368 -361 0
-368 -377 0
-368 -385 0
-368 -401 0
-376 -335 0
-376 -337 0
-376 -339 0
-376 -341 0
-376 -361 0
-376 -369 0
-376 -385 0
-376 -401 0
-384 -335 0
-384 -337 0
-384 -339 0
-384 -341 0
-384 -361 0
-384 -369 0
-384 -377 0
-384 -401 0
-400 -361 0
-400 -369 0
-400 -377 0
-400 -385 0
-342 -363 0
-342 -371 0
-342 -379 0
-342 -387 0
-344 -363 0
-344 -371 0
-344 -379 0
-344 -387 0
-346 -363 0
-346 -371 0
-346 -379 0
-346 -387 0
-348 -363 0
-348 -371 0
-348 -379 0
-348 -387 0
-362 -343 0
-362 -345 0
-362 -347 0
-362 -349 0
-362 -371 0
-362 -379 0
-362 -387 0
-362 -403 0
-370 -343 0
-370 -345 0
-370 -347 0
-370 -349 0
-370 -363 0
-370 -379 0
-370 -387 0
-370 -403 0
-378 -343 0
-378 -345 0
-378 -347 0
-378 -349 0
-378 -363 0
-378 -371 0
-378 -387 0
-378 -403 0
-386 -343 0
-386 -345 0
-386 -347 0
-386 -349 0
-386 -363 0
-386 -371 0
-386 -379 0
-386 -403 0
-402 -363 0
-402 -371 0
-402 -379 0
-402 -387 0
-350 -365 0
-350 -373 0
-350 -381 0
-350 -389 0
-352 -365 0
-352 -373 0
-352 -381 0
-352 -389 0
-354 -365 0
-354 -373 0
-354 -381 0
-354 -389 0
-356 -365 0
-356 -373 0
-356 -381 0
-356 -389 0
-364 -351 0
-364 -353 0
-364 -355 0
-364 -357 0
-364 -373 0
-364 -381 0
-364 -389 0
-364 -405 0
-372 -351 0
-372 -353 0
-372 -355 0
-372 -357 0
-372 -365 0
-372 -381 0
-372 -389 0
-372 -405 0
-380 -351 0
-380 -353 0
-380 -355 0
-380 -357 0
-380 -365 0
-380 -373 0
-380 -389 0
-380 -405 0
-388 -351 0
-388 -353 0
-388 -355 0
-388 -357 0
-388 -365 0
-388 -373 0
-388 -381 0
-388 -405 0
-404 -365 0
-404 -373 0
-404 -381 0
-404 -389 0
-351 -383 0
-351 -385 0
-351 -387 0
-351 -389 0
-351 -397 0
-353 -383 0
-353 -385 0
-353 -387 0
-353 -389 0
-353 -397 0
-355 -383 0
-355 -385 0
-355 -387 0
-355 -389 0
-355 -397 0
-357 -383 0
-357 -385 0
-357 -387 0
-357 -389 0
-357 -397 0
-405 -383 0
-405 -385 0
-405 -387 0
-405 -389 0
-405 -397 0
-343 -375 0
-343 -377 0
-343 -379 0
-343 -381 0
-343 -395 0
-345 -375 0
-345 -377 0
-345 -379 0
-345 -381 0
-345 -395 0
-347 -375 0
-347 -377 0
-347 -379 0
-347 -381 0
-347 -395 0
-349 -375 0
-349 -377 0
-349 -379 0
-349 -381 0
-349 -395 0
-403 -375 0
-403 -377 0
-403 -379 0
-403 -381 0
-403 -395 0
-335 -367 0
-335 -369 0
-335 -371 0
-335 -373 0
-335 -393 0
-337 -367 0
-337 -369 0
-337 -371 0
-337 -373 0
-337 -393 0
-339 -367 0
-339 -369 0
-339 -371 0
-339 -373 0
-339 -393 0
-341 -367 0
-341 -369 0
-341 -371 0
-341 -373 0
-341 -393 0
-401 -367 0
-401 -369 0
-401 -371 0
-401 -373 0
-401 -393 0
-327 -359 0
-327 -361 0
-327 -363 0
-327 -365 0
-327 -391 0
-329 -359 0
-329 -361 0
-329 -363 0
-329 -365 0
-329 -391 0
-331 -359 0
-331 -361 0
-331 -363 0
-331 -365 0
-331 -391 0
-333 -359 0
-333 -361 0
-333 -363 0
-333 -365 0
-333 -391 0
-399 -359 0
-399 -361 0
-399 -363 0
-399 -365 0
-399 -391 0
-389 -357 0
-387 -355 0
-385 -353 0
-383 -351 0
-381 -349 0
-379 -347 0
-377 -345 0
-375 -343 0
-373 -341 0
-371 -339 0
-369 -337 0
-367 -335 0
-365 -333 0
-363 -331 0
-361 -329 0
-359 -327 0
-327 -329 0
-327 -331 0
-327 -333 0
-327 -367 0
-327 -375 0
-327 -383 0
-327 -399 0
-335 -327 0
-335 -329 0
-335 -331 0
-335 -333 0
-335 -359 0
-335 -375 0
-335 -383 0
-335 -399 0
-343 -327 0
-343 -329 0
-343 -331 0
-343 -333 0
-343 -359 0
-343 -367 0
-343 -383 0
-343 -399 0
-351 -327 0
-351 -329 0
-351 -331 0
-351 -333 0
-351 -359 0
-351 -367 0
-351 -375 0
-351 -399 0
-359 -329 0
-359 -331 0
-359 -333 0
-359 -367 0
-359 -375 0
-359 -383 0
-359 -399 0
-361 -327 0
-361 -331 0
-361 -333 0
-361 -359 0
-361 -367 0
-361 -375 0
-361 -383 0
-361 -399 0
-363 -327 0
-363 -329 0
-363 -333 0
-363 -359 0
-363 -367 0
-363 -375 0
-363 -383 0
-363 -399 0
-365 -327 0
-365 -329 0
-365 -331 0
-365 -359 0
-365 -367 0
-365 -375 0
-365 -383 0
-365 -399 0
-391 -327 0
-391 -329 0
-391 -331 0
-391 -333 0
-391 -359 0
-391 -367 0
-391 -375 0
-391 -383 0
-391 -399 0
-359 -335 0
-359 -337 0
-359 -339 0
-359 -341 0
-359 -343 0
-359 -345 0
-359 -347 0
-359 -349 0
-359 -351 0
-359 -353 0
-359 -355 0
-359 -357 0
-359 -401 0
-359 -403 0
-359 -405 0
-361 -335 0
-361 -337 0
-361 -339 0
-361 -341 0
-361 -343 0
-361 -345 0
-361 -347 0
-361 -349 0
-361 -351 0
-361 -353 0
-361 -355 0
-361 -357 0
-361 -401 0
-361 -403 0
-361 -405 0
-363 -335 0
-363 -337 0
-363 -339 0
-363 -341 0
-363 -343 0
-363 -345 0
-363 -347 0
-363 -349 0
-363 -351 0
-363 -353 0
-363 -355 0
-363 -357 0
-363 -401 0
-363 -403 0
-363 -405 0
-365 -335 0
-365 -337 0
-365 -339 0
-365 -341 0
-365 -343 0
-365 -345 0
-365 -347 0
-365 -349 0
-365 -351 0
-365 -353 0
-365 -355 0
-365 -357 0
-365 -401 0
-365 -403 0
-365 -405 0
-367 -327 0
-367 -329 0
-367 -331 0
-367 -333 0
-367 -337 0
-367 -339 0
-367 -341 0
-367 -343 0
-367 -345 0
-367 -347 0
-367 -349 0
-367 -351 0
-367 -353 0
-367 -355 0
-367 -357 0
-367 -399 0
-367 -401 0
-367 -403 0
-367 -405 0
-369 -327 0
-369 -329 0
-369 -331 0
-369 -333 0
-369 -335 0
-369 -339 0
-369 -341 0
-369 -343 0
-369 -345 0
-369 -347 0
-369 -349 0
-369 -351 0
-369 -353 0
-369 -355 0
-369 -357 0
-369 -399 0
-369 -401 0
-369 -403 0
-369 -405 0
-371 -327 0
-371 -329 0
-371 -331 0
-371 -333 0
-371 -335 0
-371 -337 0
-371 -341 0
-371 -343 0
-371 -345 0
-371 -347 0
-371 -349 0
-371 -351 0
-371 -353 0
-371 -355 0
-371 -357 0
-371 -399 0
-371 -401 0
-371 -403 0
-371 -405 0
-373 -327 0
-373 -329 0
-373 -331 0
-373 -333 0
-373 -335 0
-373 -337 0
-373 -339 0
-373 -343 0
-373 -345 0
-373 -347 0
-373 -349 0
-373 -351 0
-373 -353 0
-373 -355 0
-373 -357 0
-373 -399 0
-373 -401 0
-373 -403 0
-373 -405 0
-375 -327 0
-375 -329 0
-375 -331 0
-375 -333 0
-375 -335 0
-375 -337 0
-375 -339 0
-375 -341 0
-375 -345 0
-375 -347 0
-375 -349 0
-375 -351 0
-375 -353 0
-375 -355 0
-375 -357 0
-375 -399 0
-375 -401 0
-375 -403 0
-375 -405 0
-377 -327 0
-377 -329 0
-377 -331 0
-377 -333 0
-377 -335 0
-377 -337 0
-377 -339 0
-377 -341 0
-377 -343 0
-377 -347 0
-377 -349 0
-377 -351 0
-377 -353 0
-377 -355 0
-377 -357 0
-377 -399 0
-377 -401 0
-377 -403 0
-377 -405 0
-379 -327 0
-379 -329 0
-379 -331 0
-379 -333 0
-379 -335 0
-379 -337 0
-379 -339 0
-379 -341 0
-379 -343 0
-379 -345 0
-379 -349 0
-379 -351 0
-379 -353 0
-379 -355 0
-379 -357 0
-379 -399 0
-379 -401 0
-379 -403 0
-379 -405 0
-381 -327 0
-381 -329 0
-381 -331 0
-381 -333 0
-381 -335 0
-381 -337 0
-381 -339 0
-381 -341 0
-381 -343 0
-381 -345 0
-381 -347 0
-381 -351 0
-381 -353 0
-381 -355 0
-381 -357 0
-381 -399 0
-381 -401 0
-381 -403 0
-381 -405 0
-383 -327 0
-383 -329 0
-383 -331 0
-383 -333 0
-383 -335 0
-383 -337 0
-383 -339 0
-383 -341 0
-383 -343 0
-383 -345 0
-383 -347 0
-383 -349 0
-383 -353 0
-383 -355 0
-383 -357 0
-383 -399 0
-383 -401 0
-383 -403 0
-383 -405 0
-385 -327 0
-385 -329 0
-385 -331 0
-385 -333 0
-385 -335 0
-385 -337 0
-385 -339 0
-385 -341 0
-385 -343 0
-385 -345 0
-385 -347 0
-385 -349 0
-385 -351 0
-385 -355 0
-385 -357 0
-385 -399 0
-385 -401 0
-385 -403 0
-385 -405 0
-387 -327 0
-387 -329 0
-387 -331 0
-387 -333 0
-387 -335 0
-387 -337 0
-387 -339 0
-387 -341 0
-387 -343 0
-387 -345 0
-387 -347 0
-387 -349 0
-387 -351 0
-387 -353 0
-387 -357 0
-387 -399 0
-387 -401 0
-387 -403 0
-387 -405 0
-389 -327 0
-389 -329 0
-389 -331 0
-389 -333 0
-389 -335 0
-389 -337 0
-389 -339 0
-389 -341 0
-389 -343 0
-389 -345 0
-389 -347 0
-389 -349 0
-389 -351 0
-389 -353 0
-389 -355 0
-389 -399 0
-389 -401 0
-389 -403 0
-389 -405 0
-391 -335 0
-391 -337 0
-391 -339 0
-391 -341 0
-391 -343 0
-391 -345 0
-391 -347 0
-391 -349 0
-391 -351 0
-391 -353 0
-391 -355 0
-391 -357 0
-391 -401 0
-391 -403 0
-391 -405 0
-393 -327 0
-393 -329 0
-393 -331 0
-393 -333 0
-393 -335 0
-393 -337 0
-393 -339 0
-393 -341 0
-393 -343 0
-393 -345 0
-393 -347 0
-393 -349 0
-393 -351 0
-393 -353 0
-393 -355 0
-393 -357 0
-393 -399 0
-393 -401 0
-393 -403 0
-393 -405 0
-395 -327 0
-395 -329 0
-395 -331 0
-395 -333 0
-395 -335 0
-395 -337 0
-395 -339 0
-395 -341 0
-395 -343 0
-395 -345 0
-395 -347 0
-395 -349 0
-395 -351 0
-395 -353 0
-395 -355 0
-395 -357 0
-395 -399 0
-395 -401 0
-395 -403 0
-395 -405 0
-397 -327 0
-397 -329 0
-397 -331 0
-397 -333 0
-397 -335 0
-397 -337 0
-397 -339 0
-397 -341 0
-397 -343 0
-397 -345 0
-397 -347 0
-397 -349 0
-397 -351 0
-397 -353 0
-397 -355 0
-397 -357 0
-397 -399 0
-397 -401 0
-397 -403 0
-397 -405 0
-329 -335 0
-329 -337 0
-329 -339 0
-329 -341 0
-329 -369 0
-329 -377 0
-329 -385 0
-329 -401 0
-337 -335 0
-337 -339 0
-337 -341 0
-337 -361 0
-337 -377 0
-337 -385 0
-337 -401 0
-345 -335 0
-345 -337 0
-345 -339 0
-345 -341 0
-345 -361 0
-345 -369 0
-345 -385 0
-345 -401 0
-353 -335 0
-353 -337 0
-353 -339 0
-353 -341 0
-353 -361 0
-353 -369 0
-353 -377 0
-353 -401 0
-367 -361 0
-367 -369 0
-367 -377 0
-367 -385 0
-369 -361 0
-369 -377 0
-369 -385 0
-371 -361 0
-371 -369 0
-371 -377 0
-371 -385 0
-373 -361 0
-373 -369 0
-373 -377 0
-373 -385 0
-393 -361 0
-393 -369 0
-393 -377 0
-393 -385 0
-331 -343 0
-331 -345 0
-331 -347 0
-331 -349 0
-331 -371 0
-331 -379 0
-331 -387 0
-331 -403 0
-339 -343 0
-339 -345 0
-339 -347 0
-339 -349 0
-339 -363 0
-339 -379 0
-339 -387 0
-339 -403 0
-347 -343 0
-347 -345 0
-347 -349 0
-347 -363 0
-347 -371 0
-347 -387 0
-347 -403 0
-355 -343 0
-355 -345 0
-355 -347 0
-355 -349 0
-355 -363 0
-355 -371 0
-355 -379 0
-355 -403 0
-375 -363 0
-375 -371 0
-375 -379 0
-375 -387 0
-377 -363 0
-377 -371 0
-377 -379 0
-377 -387 0
-379 -363 0
-379 -371 0
-379 -387 0
-381 -363 0
-381 -371 0
-381 -379 0
-381 -387 0
-395 -363 0
-395 -371 0
-395 -379 0
-395 -387 0
-333 -351 0
-333 -353 0
-333 -355 0
-333 -357 0
-333 -373 0
-333 -381 0
-333 -389 0
-333 -405 0
-341 -351 0
-341 -353 0
-341 -355 0
-341 -357 0
-341 -365 0
-341 -381 0
-341 -389 0
-341 -405 0
-349 -351 0
-349 -353 0
-349 -355 0
-349 -357 0
-349 -365 0
-349 -373 0
-349 -389 0
-349 -405 0
-357 -351 0
-357 -353 0
-357 -355 0
-357 -365 0
-357 -373 0
-357 -381 0
-357 -405 0
-383 -365 0
-383 -373 0
-383 -381 0
-383 -389 0
-385 -365 0
-385 -373 0
-385 -381 0
-385 -389 0
-387 -365 0
-387 -373 0
-387 -381 0
-387 -389 0
-389 -365 0
-389 -373 0
-389 -381 0
-397 -365 0
-397 -373 0
-397 -381 0
-397 -389 0
-435 406 0
-435 414 0
-435 419 0
-437 406 0
-437 414 0
-437 420 0
-439 406 0
-439 414 0
-439 421 0
-441 406 0
-441 414 0
-441 422 0
-443 406 0
-443 413 0
-443 423 0
-445 406 0
-445 413 0
-445 424 0
-447 406 0
-447 413 0
-447 425 0
-449 406 0
-449 413 0
-449 426 0
-451 406 0
-451 412 0
-451 427 0
-453 406 0
-453 412 0
-453 428 0
-455 406 0
-455 412 0
-455 429 0
-457 406 0
-457 412 0
-457 430 0
-459 406 0
-459 411 0
-459 431 0
-461 406 0
-461 411 0
-461 432 0
-463 406 0
-463 411 0
-463 433 0
-465 406 0
-465 411 0
-465 434 0
-467 414 0
-467 415 0
-469 413 0
-469 415 0
-471 412 0
-471 415 0
-473 411 0
-473 415 0
-475 414 0
-475 416 0
-477 413 0
-477 416 0
-479 412 0
-479 416 0
-481 411 0
-481 416 0
-483 414 0
-483 417 0
-485 413 0
-485 417 0
-487 412 0
-487 417 0
-489 411 0
-489 417 0
-491 414 0
-491 418 0
-493 413 0
-493 418 0
-495 412 0
-495 418 0
-497 411 0
-497 418 0
-499 415 0
-501 416 0
-503 417 0
-505 418 0
-507 406 0
-507 410 0
-507 414 0
-509 406 0
-509 409 0
-509 413 0
-511 406 0
-511 408 0
-511 412 0
-513 406 0
-513 407 0
-513 411 0
-436 435 0
-438 437 0
-440 439 0
-442 441 0
-444 443 0
-446 445 0
-448 447 0
-450 449 0
-452 451 0
-454 453 0
-456 455 0
-458 457 0
-460 459 0
-462 461 0
-464 463 0
-466 465 0
-468 467 0
-470 469 0
-472 471 0
-474 473 0
-476 475 0
-478 477 0
-480 479 0
-482 481 0
-484 483 0
-486 485 0
-488 487 0
-490 489 0
-492 491 0
-494 493 0
-496 495 0
-498 497 0
-500 499 0
-502 501 0
-504 503 0
-506 505 0
-508 507 0
-510 509 0
-512 511 0
-514 513 0
-435 436 0
-437 438 0
-439 440 0
-441 442 0
-443 444 0
-445 446 0
-447 448 0
-449 450 0
-451 452 0
-453 454 0
-455 456 0
-457 458 0
-459 460 0
-461 462 0
-463 464 0
-465 466 0
-467 468 0
-469 470 0
-471 472 0
-473 474 0
-475 476 0
-477 478 0
-479 480 0
-481 482 0
-483 484 0
-485 486 0
-487 488 0
-489 490 0
-491 492 0
-493 494 0
-495 496 0
-497 498 0
-499 500 0
-501 502 0
-503 504 0
-505 506 0
-507 508 0
-509 510 0
-511 512 0
-513 514 0
-436 524 0
-436 523 0
-436 -523 0
-436 -515 0
-436 -528 0
-438 524 0
-438 522 0
-438 -523 0
-438 -515 0
-438 -529 0
-440 524 0
-440 521 0
-440 -523 0
-440 -515 0
-440 -530 0
-442 524 0
-442 520 0
-442 -523 0
-442 -515 0
-442 -531 0
-444 525 0
-444 523 0
-444 -522 0
-444 -515 0
-444 -532 0
-446 525 0
-446 522 0
-446 -522 0
-446 -515 0
-446 -533 0
-448 525 0
-448 521 0
-448 -522 0
-448 -515 0
-448 -534 0
-450 525 0
-450 520 0
-450 -522 0
-450 -515 0
-450 -535 0
-452 526 0
-452 523 0
-452 -521 0
-452 -515 0
-452 -536 0
-454 526 0
-454 522 0
-454 -521 0
-454 -515 0
-454 -537 0
-456 526 0
-456 521 0
-456 -521 0
-456 -515 0
-456 -538 0
-458 526 0
-458 520 0
-458 -521 0
-458 -515 0
-458 -539 0
-460 527 0
-460 523 0
-460 -520 0
-460 -515 0
-460 -540 0
-462 527 0
-462 522 0
-462 -520 0
-462 -515 0
-462 -541 0
-464 527 0
-464 521 0
-464 -520 0
-464 -515 0
-464 -542 0
-466 527 0
-466 520 0
-466 -520 0
-466 -515 0
-466 -543 0
-468 523 0
-468 515 0
-468 528 0
-468 -524 0
-468 -523 0
-470 523 0
-470 515 0
-470 529 0
-470 -524 0
-470 -522 0
-472 523 0
-472 515 0
-472 530 0
-472 -524 0
-472 -521 0
-474 523 0
-474 515 0
-474 531 0
-474 -524 0
-474 -520 0
-476 522 0
-476 515 0
-476 532 0
-476 -525 0
-476 -523 0
-478 522 0
-478 515 0
-478 533 0
-478 -525 0
-478 -522 0
-480 522 0
-480 515 0
-480 534 0
-480 -525 0
-480 -521 0
-482 522 0
-482 515 0
-482 535 0
-482 -525 0
-482 -520 0
-484 521 0
-484 515 0
-484 536 0
-484 -526 0
-484 -523 0
-486 521 0
-486 515 0
-486 537 0
-486 -526 0
-486 -522 0
-488 521 0
-488 515 0
-488 538 0
-488 -526 0
-488 -521 0
-490 521 0
-490 515 0
-490 539 0
-490 -526 0
-490 -520 0
-492 520 0
-492 515 0
-492 540 0
-492 -527 0
-492 -523 0
-494 520 0
-494 515 0
-494 541 0
-494 -527 0
-494 -522 0
-496 520 0
-496 515 0
-496 542 0
-496 -527 0
-496 -521 0
-498 520 0
-498 515 0
-498 543 0
-498 -527 0
-498 -520 0
-500 523 0
-500 515 0
-500 519 0
-500 -524 0
-502 522 0
-502 515 0
-502 518 0
-502 -525 0
-504 521 0
-504 515 0
-504 517 0
-504 -526 0
-506 520 0
-506 515 0
-506 516 0
-506 -527 0
-508 524 0
-508 -519 0
-508 -523 0
-508 -515 0
-510 525 0
-510 -518 0
-510 -522 0
-510 -515 0
-512 526 0
-512 -517 0
-512 -521 0
-512 -515 0
-514 527 0
-514 -516 0
-514 -520 0
-514 -515 0
-406 436 438 440 442 444 446 448 450 452 454 456 458 460 462 464 466 508 510 512 514 515 0
406 468 470 472 474 476 478 480 482 484 486 488 490 492 494 496 498 500 502 504 506 -515 0
-407 514 516 0
407 506 -516 0
-408 512 517 0
408 504 -517 0
-409 510 518 0
409 502 -518 0
-410 508 519 0
410 500 -519 0
-411 460 462 464 466 474 482 490 498 514 520 0
411 442 450 458 466 492 494 496 498 506 -520 0
-412 452 454 456 458 472 480 488 496 512 521 0
412 440 448 456 464 484 486 488 490 504 -521 0
-413 444 446 448 450 470 478 486 494 510 522 0
413 438 446 454 462 476 478 480 482 502 -522 0
-414 436 438 440 442 468 476 484 492 508 523 0
414 436 444 452 460 468 470 472 474 500 -523 0
-415 468 470 472 474 500 524 0
415 436 438 440 442 508 -524 0
-416 476 478 480 482 502 525 0
416 444 446 448 450 510 -525 0
-417 484 486 488 490 504 526 0
417 452 454 456 458 512 -526 0
-418 492 494 496 498 506 527 0
418 460 462 464 466 514 -527 0
-419 436 528 0
419 468 -528 0
-420 438 529 0
420 470 -529 0
-421 440 530 0
421 472 -530 0
-422 442 531 0
422 474 -531 0
-423 444 532 0
423 476 -532 0
-424 446 533 0
424 478 -533 0
-425 448 534 0
425 480 -534 0
-426 450 535 0
426 482 -535 0
-427 452 536 0
427 484 -536 0
-428 454 537 0
428 486 -537 0
-429 456 538 0
429 488 -538 0
-430 458 539 0
430 490 -539 0
-431 460 540 0
431 492 -540 0
-432 462 541 0
432 494 -541 0
-433 464 542 0
433 496 -542 0
-434 466 543 0
434 498 -543 0
-491 -494 0
-491 -496 0
-491 -498 0
-491 -506 0
-493 -492 0
-493 -496 0
-493 -498 0
-493 -506 0
-495 -492 0
-495 -494 0
-495 -498 0
-495 -506 0
-497 -492 0
-497 -494 0
-497 -496 0
-497 -506 0
-505 -492 0
-505 -494 0
-505 -496 0
-505 -498 0
-483 -486 0
-483 -488 0
-483 -490 0
-483 -504 0
-485 -484 0
-485 -488 0
-485 -490 0
-485 -504 0
-487 -484 0
-487 -486 0
-487 -490 0
-487 -504 0
-489 -484 0
-489 -486 0
-489 -488 0
-489 -504 0
-503 -484 0
-503 -486 0
-503 -488 0
-503 -490 0
-475 -478 0
-475 -480 0
-475 -482 0
-475 -502 0
-477 -476 0
-477 -480 0
-477 -482 0
-477 -502 0
-479 -476 0
-479 -478 0
-479 -482 0
-479 -502 0
-481 -476 0
-481 -478 0
-481 -480 0
-481 -502 0
-501 -476 0
-501 -478 0
-501 -480 0
-501 -482 0
-467 -470 0
-467 -472 0
-467 -474 0
-467 -500 0
-469 -468 0
-469 -472 0
-469 -474 0
-469 -500 0
-471 -468 0
-471 -470 0
-471 -474 0
-471 -500 0
-473 -468 0
-473 -470 0
-473 -472 0
-473 -500 0
-499 -468 0
-499 -470 0
-499 -472 0
-499 -474 0
-435 -438 0
-435 -440 0
-435 -442 0
-435 -468 0
-435 -476 0
-435 -484 0
-435 -492 0
-435 -508 0
-437 -436 0
-437 -440 0
-437 -442 0
-437 -468 0
-437 -476 0
-437 -484 0
-437 -492 0
-437 -508 0
-439 -436 0
-439 -438 0
-439 -442 0
-439 -468 0
-439 -476 0
-439 -484 0
-439 -492 0
-439 -508 0
-441 -436 0
-441 -438 0
-441 -440 0
-441 -468 0
-441 -476 0
-441 -484 0
-441 -492 0
-441 -508 0
-467 -436 0
-467 -438 0
-467 -440 0
-467 -442 0
-467 -476 0
-467 -484 0
-467 -492 0
-467 -508 0
-475 -436 0
-475 -438 0
-475 -440 0
-475 -442 0
-475 -468 0
-475 -484 0
-475 -492 0
-475 -508 0
-483 -436 0
-483 -438 0
-483 -440 0
-483 -442 0
-483 -468 0
-483 -476 0
-483 -492 0
-483 -508 0
-491 -436 0
-491 -438 0
-491 -440 0
-491 -442 0
-491 -468 0
-491 -476 0
-491 -484 0
-491 -508 0
-507 -436 0
-507 -438 0
-507 -440 0
-507 -442 0
-507 -468 0
-507 -476 0
-507 -484 0
-507 -492 0
-435 -444 0
-435 -446 0
-435 -448 0
-435 -450 0
-435 -452 0
-435 -454 0
-435 -456 0
-435 -458 0
-435 -460 0
-435 -462 0
-435 -464 0
-435 -466 0
-435 -510 0
-435 -512 0
-435 -514 0
-437 -444 0
-437 -446 0
-437 -448 0
-437 -450 0
-437 -452 0
-437 -454 0
-437 -456 0
-437 -458 0
-437 -460 0
-437 -462 0
-437 -464 0
-437 -466 0
-437 -510 0
-437 -512 0
-437 -514 0
-439 -444 0
-439 -446 0
-439 -448 0
-439 -450 0
-439 -452 0
-439 -454 0
-439 -456 0
-439 -458 0
-439 -460 0
-439 -462 0
-439 -464 0
-439 -466 0
-439 -510 0
-439 -512 0
-439 -514 0
-441 -444 0
-441 -446 0
-441 -448 0
-441 -450 0
-441 -452 0
-441 -454 0
-441 -456 0
-441 -458 0
-441 -460 0
-441 -462 0
-441 -464 0
-441 -466 0
-441 -510 0
-441 -512 0
-441 -514 0
-443 -436 0
-443 -438 0
-443 -440 0
-443 -442 0
-443 -446 0
-443 -448 0
-443 -450 0
-443 -452 0
-443 -454 0
-443 -456 0
-443 -458 0
-443 -460 0
-443 -462 0
-443 -464 0
-443 -466 0
-443 -508 0
-443 -510 0
-443 -512 0
-443 -514 0
-445 -436 0
-445 -438 0
-445 -440 0
-445 -442 0
-445 -444 0
-445 -448 0
-445 -450 0
-445 -452 0
-445 -454 0
-445 -456 0
-445 -458 0
-445 -460 0
-445 -462 0
-445 -464 0
-445 -466 0
-445 -508 0
-445 -510 0
-445 -512 0
-445 -514 0
-447 -436 0
-447 -438 0
-447 -440 0
-447 -442 0
-447 -444 0
-447 -446 0
-447 -450 0
-447 -452 0
-447 -454 0
-447 -456 0
-447 -458 0
-447 -460 0
-447 -462 0
-447 -464 0
-447 -466 0
-447 -508 0
-447 -510 0
-447 -512 0
-447 -514 0
-449 -436 0
-449 -438 0
-449 -440 0
-449 -442 0
-449 -444 0
-449 -446 0
-449 -448 0
-449 -452 0
-449 -454 0
-449 -456 0
-449 -458 0
-449 -460 0
-449 -462 0
-449 -464 0
-449 -466 0
-449 -508 0
-449 -510 0
-449 -512 0
-449 -514 0
-451 -436 0
-451 -438 0
-451 -440 0
-451 -442 0
-451 -444 0
-451 -446 0
-451 -448 0
-451 -450 0
-451 -454 0
-451 -456 0
-451 -458 0
-451 -460 0
-451 -462 0
-451 -464 0
-451 -466 0
-451 -508 0
-451 -510 0
-451 -512 0
-451 -514 0
-453 -436 0
-453 -438 0
-453 -440 0
-453 -442 0
-453 -444 0
-453 -446 0
-453 -448 0
-453 -450 0
-453 -452 0
-453 -456 0
-453 -458 0
-453 -460 0
-453 -462 0
-453 -464 0
-453 -466 0
-453 -508 0
-453 -510 0
-453 -512 0
-453 -514 0
-455 -436 0
-455 -438 0
-455 -440 0
-455 -442 0
-455 -444 0
-455 -446 0
-455 -448 0
-455 -450 0
-455 -452 0
-455 -454 0
-455 -458 0
-455 -460 0
-455 -462 0
-455 -464 0
-455 -466 0
-455 -508 0
-455 -510 0
-455 -512 0
-455 -514 0
-457 -436 0
-457 -438 0
-457 -440 0
-457 -442 0
-457 -444 0
-457 -446 0
-457 -448 0
-457 -450 0
-457 -452 0
-457 -454 0
-457 -456 0
-457 -460 0
-457 -462 0
-457 -464 0
-457 -466 0
-457 -508 0
-457 -510 0
-457 -512 0
-457 -514 0
-459 -436 0
-459 -438 0
-459 -440 0
-459 -442 0
-459 -444 0
-459 -446 0
-459 -448 0
-459 -450 0
-459 -452 0
-459 -454 0
-459 -456 0
-459 -458 0
-459 -462 0
-459 -464 0
-459 -466 0
-459 -508 0
-459 -510 0
-459 -512 0
-459 -514 0
-461 -436 0
-461 -438 0
-461 -440 0
-461 -442 0
-461 -444 0
-461 -446 0
-461 -448 0
-461 -450 0
-461 -452 0
-461 -454 0
-461 -456 0
-461 -458 0
-461 -460 0
-461 -464 0
-461 -466 0
-461 -508 0
-461 -510 0
-461 -512 0
-461 -514 0
-463 -436 0
-463 -438 0
-463 -440 0
-463 -442 0
-463 -444 0
-463 -446 0
-463 -448 0
-463 -450 0
-463 -452 0
-463 -454 0
-463 -456 0
-463 -458 0
-463 -460 0
-463 -462 0
-463 -466 0
-463 -508 0
-463 -510 0
-463 -512 0
-463 -514 0
-465 -436 0
-465 -438 0
-465 -440 0
-465 -442 0
-465 -444 0
-465 -446 0
-465 -448 0
-465 -450 0
-465 -452 0
-465 -454 0
-465 -456 0
-465 -458 0
-465 -460 0
-465 -462 0
-465 -464 0
-465 -508 0
-465 -510 0
-465 -512 0
-465 -514 0
-507 -444 0
-507 -446 0
-507 -448 0
-507 -450 0
-507 -452 0
-507 -454 0
-507 -456 0
-507 -458 0
-507 -460 0
-507 -462 0
-507 -464 0
-507 -466 0
-507 -510 0
-507 -512 0
-507 -514 0
-509 -436 0
-509 -438 0
-509 -440 0
-509 -442 0
-509 -444 0
-509 -446 0
-509 -448 0
-509 -450 0
-509 -452 0
-509 -454 0
-509 -456 0
-509 -458 0
-509 -460 0
-509 -462 0
-509 -464 0
-509 -466 0
-509 -508 0
-509 -512 0
-509 -514 0
-511 -436 0
-511 -438 0
-511 -440 0
-511 -442 0
-511 -444 0
-511 -446 0
-511 -448 0
-511 -450 0
-511 -452 0
-511 -454 0
-511 -456 0
-511 -458 0
-511 -460 0
-511 -462 0
-511 -464 0
-511 -466 0
-511 -508 0
-511 -510 0
-511 -514 0
-513 -436 0
-513 -438 0
-513 -440 0
-513 -442 0
-513 -444 0
-513 -446 0
-513 -448 0
-513 -450 0
-513 -452 0
-513 -454 0
-513 -456 0
-513 -458 0
-513 -460 0
-513 -462 0
-513 -464 0
-513 -466 0
-513 -508 0
-513 -510 0
-513 -512 0
-443 -470 0
-443 -478 0
-443 -486 0
-443 -494 0
-445 -470 0
-445 -478 0
-445 -486 0
-445 -494 0
-447 -470 0
-447 -478 0
-447 -486 0
-447 -494 0
-449 -470 0
-449 -478 0
-449 -486 0
-449 -494 0
-469 -444 0
-469 -446 0
-469 -448 0
-469 -450 0
-469 -478 0
-469 -486 0
-469 -494 0
-469 -510 0
-477 -444 0
-477 -446 0
-477 -448 0
-477 -450 0
-477 -470 0
-477 -486 0
-477 -494 0
-477 -510 0
-485 -444 0
-485 -446 0
-485 -448 0
-485 -450 0
-485 -470 0
-485 -478 0
-485 -494 0
-485 -510 0
-493 -444 0
-493 -446 0
-493 -448 0
-493 -450 0
-493 -470 0
-493 -478 0
-493 -486 0
-493 -510 0
-509 -470 0
-509 -478 0
-509 -486 0
-509 -494 0
-451 -472 0
-451 -480 0
-451 -488 0
-451 -496 0
-453 -472 0
-453 -480 0
-453 -488 0
-453 -496 0
-455 -472 0
-455 -480 0
-455 -488 0
-455 -496 0
-457 -472 0
-457 -480 0
-457 -488 0
-457 -496 0
-471 -452 0
-471 -454 0
-471 -456 0
-471 -458 0
-471 -480 0
-471 -488 0
-471 -496 0
-471 -512 0
-479 -452 0
-479 -454 0
-479 -456 0
-479 -458 0
-479 -472 0
-479 -488 0
-479 -496 0
-479 -512 0
-487 -452 0
-487 -454 0
-487 -456 0
-487 -458 0
-487 -472 0
-487 -480 0
-487 -496 0
-487 -512 0
-495 -452 0
-495 -454 0
-495 -456 0
-495 -458 0
-495 -472 0
-495 -480 0
-495 -488 0
-495 -512 0
-511 -472 0
-511 -480 0
-511 -488 0
-511 -496 0
-459 -474 0
-459 -482 0
-459 -490 0
-459 -498 0
-461 -474 0
-461 -482 0
-461 -490 0
-461 -498 0
-463 -474 0
-463 -482 0
-463 -490 0
-463 -498 0
-465 -474 0
-465 -482 0
-465 -490 0
-465 -498 0
-473 -460 0
-473 -462 0
-473 -464 0
-473 -466 0
-473 -482 0
-473 -490 0
-473 -498 0
-473 -514 0
-481 -460 0
-481 -462 0
-481 -464 0
-481 -466 0
-481 -474 0
-481 -490 0
-481 -498 0
-481 -514 0
-489 -460 0
-489 -462 0
-489 -464 0
-489 -466 0
-489 -474 0
-489 -482 0
-489 -498 0
-489 -514 0
-497 -460 0
-497 -462 0
-497 -464 0
-497 -466 0
-497 -474 0
-497 -482 0
-497 -490 0
-497 -514 0
-513 -474 0
-513 -482 0
-513 -490 0
-513 -498 0
-460 -492 0
-460 -494 0
-460 -496 0
-460 -498 0
-460 -506 0
-462 -492 0
-462 -494 0
-462 -496 0
-462 -498 0
-462 -506 0
-464 -492 0
-464 -494 0
-464 -496 0
-464 -498 0
-464 -506 0
-466 -492 0
-466 -494 0
-466 -496 0
-466 -498 0
-466 -506 0
-514 -492 0
-514 -494 0
-514 -496 0
-514 -498 0
-514 -506 0
-452 -484 0
-452 -486 0
-452 -488 0
-452 -490 0
-452 -504 0
-454 -484 0
-454 -486 0
-454 -488 0
-454 -490 0
-454 -504 0
-456 -484 0
-456 -486 0
-456 -488 0
-456 -490 0
-456 -504 0
-458 -484 0
-458 -486 0
-458 -488 0
-458 -490 0
-458 -504 0
-512 -484 0
-512 -486 0
-512 -488 0
-512 -490 0
-512 -504 0
-444 -476 0
-444 -478 0
-444 -480 0
-444 -482 0
-444 -502 0
-446 -476 0
-446 -478 0
-446 -480 0
-446 -482 0
-446 -502 0
-448 -476 0
-448 -478 0
-448 -480 0
-448 -482 0
-448 -502 0
-450 -476 0
-450 -478 0
-450 -480 0
-450 -482 0
-450 -502 0
-510 -476 0
-510 -478 0
-510 -480 0
-510 -482 0
-510 -502 0
-436 -468 0
-436 -470 0
-436 -472 0
-436 -474 0
-436 -500 0
-438 -468 0
-438 -470 0
-438 -472 0
-438 -474 0
-438 -500 0
-440 -468 0
-440 -470 0
-440 -472 0
-440 -474 0
-440 -500 0
-442 -468 0
-442 -470 0
-442 -472 0
-442 -474 0
-442 -500 0
-508 -468 0
-508 -470 0
-508 -472 0
-508 -474 0
-508 -500 0
-498 -466 0
-496 -464 0
-494 -462 0
-492 -460 0
-490 -458 0
-488 -456 0
-486 -454 0
-484 -452 0
-482 -450 0
-480 -448 0
-478 -446 0
-476 -444 0
-474 -442 0
-472 -440 0
-470 -438 0
-468 -436 0
-436 -438 0
-436 -440 0
-436 -442 0
-436 -476 0
-436 -484 0
-436 -492 0
-436 -508 0
-444 -436 0
-444 -438 0
-444 -440 0
-444 -442 0
-444 -468 0
-444 -484 0
-444 -492 0
-444 -508 0
-452 -436 0
-452 -438 0
-452 -440 0
-452 -442 0
-452 -468 0
-452 -476 0
-452 -492 0
-452 -508 0
-460 -436 0
-460 -438 0
-460 -440 0
-460 -442 0
-460 -468 0
-460 -476 0
-460 -484 0
-460 -508 0
-468 -438 0
-468 -440 0
-468 -442 0
-468 -476 0
-468 -484 0
-468 -492 0
-468 -508 0
-470 -436 0
-470 -440 0
-470 -442 0
-470 -468 0
-470 -476 0
-470 -484 0
-470 -492 0
-470 -508 0
-472 -436 0
-472 -438 0
-472 -442 0
-472 -468 0
-472 -476 0
-472 -484 0
-472 -492 0
-472 -508 0
-474 -436 0
-474 -438 0
-474 -440 0
-474 -468 0
-474 -476 0
-474 -484 0
-474 -492 0
-474 -508 0
-500 -436 0
-500 -438 0
-500 -440 0
-500 -442 0
-500 -468 0
-500 -476 0
-500 -484 0
-500 -492 0
-500 -508 0
-468 -444 0
-468 -446 0
-468 -448 0
-468 -450 0
-468 -452 0
-468 -454 0
-468 -456 0
-468 -458 0
-468 -460 0
-468 -462 0
-468 -464 0
-468 -466 0
-468 -510 0
-468 -512 0
-468 -514 0
-470 -444 0
-470 -446 0
-470 -448 0
-470 -450 0
-470 -452 0
-470 -454 0
-470 -456 0
-470 -458 0
-470 -460 0
-470 -462 0
-470 -464 0
-470 -466 0
-470 -510 0
-470 -512 0
-470 -514 0
-472 -444 0
-472 -446 0
-472 -448 0
-472 -450 0
-472 -452 0
-472 -454 0
-472 -456 0
-472 -458 0
-472 -460 0
-472 -462 0
-472 -464 0
-472 -466 0
-472 -510 0
-472 -512 0
-472 -514 0
-474 -444 0
-474 -446 0
-474 -448 0
-474 -450 0
-474 -452 0
-474 -454 0
-474 -456 0
-474 -458 0
-474 -460 0
-474 -462 0
-474 -464 0
-474 -466 0
-474 -510 0
-474 -512 0
-474 -514 0
-476 -436 0
-476 -438 0
-476 -440 0
-476 -442 0
-476 -446 0
-476 -448 0
-476 -450 0
-476 -452 0
-476 -454 0
-476 -456 0
-476 -458 0
-476 -460 0
-476 -462 0
-476 -464 0
-476 -466 0
-476 -508 0
-476 -510 0
-476 -512 0
-476 -514 0
-478 -436 0
-478 -438 0
-478 -440 0
-478 -442 0
-478 -444 0
-478 -448 0
-478 -450 0
-478 -452 0
-478 -454 0
-478 -456 0
-478 -458 0
-478 -460 0
-478 -462 0
-478 -464 0
-478 -466 0
-478 -508 0
-478 -510 0
-478 -512 0
-478 -514 0
-480 -436 0
-480 -438 0
-480 -440 0
-480 -442 0
-480 -444 0
-480 -446 0
-480 -450 0
-480 -452 0
-480 -454 0
-480 -456 0
-480 -458 0
-480 -460 0
-480 -462 0
-480 -464 0
-480 -466 0
-480 -508 0
-480 -510 0
-480 -512 0
-480 -514 0
-482 -436 0
-482 -438 0
-482 -440 0
-482 -442 0
-482 -444 0
-482 -446 0
-482 -448 0
-482 -452 0
-482 -454 0
-482 -456 0
-482 -458 0
-482 -460 0
-482 -462 0
-482 -464 0
-482 -466 0
-482 -508 0
-482 -510 0
-482 -512 0
-482 -514 0
-484 -436 0
-484 -438 0
-484 -440 0
-484 -442 0
-484 -444 0
-484 -446 0
-484 -448 0
-484 -450 0
-484 -454 0
-484 -456 0
-484 -458 0
-484 -460 0
-484 -462 0
-484 -464 0
-484 -466 0
-484 -508 0
-484 -510 0
-484 -512 0
-484 -514 0
-486 -436 0
-486 -438 0
-486 -440 0
-486 -442 0
-486 -444 0
-486 -446 0
-486 -448 0
-486 -450 0
-486 -452 0
-486 -456 0
-486 -458 0
-486 -460 0
-486 -462 0
-486 -464 0
-486 -466 0
-486 -508 0
-486 -510 0
-486 -512 0
-486 -514 0
-488 -436 0
-488 -438 0
-488 -440 0
-488 -442 0
-488 -444 0
-488 -446 0
-488 -448 0
-488 -450 0
-488 -452 0
-488 -454 0
-488 -458 0
-488 -460 0
-488 -462 0
-488 -464 0
-488 -466 0
-488 -508 0
-488 -510 0
-488 -512 0
-488 -514 0
-490 -436 0
-490 -438 0
-490 -440 0
-490 -442 0
-490 -444 0
-490 -446 0
-490 -448 0
-490 -450 0
-490 -452 0
-490 -454 0
-490 -456 0
-490 -460 0
-490 -462 0
-490 -464 0
-490 -466 0
-490 -508 0
-490 -510 0
-490 -512 0
-490 -514 0
-492 -436 0
-492 -438 0
-492 -440 0
-492 -442 0
-492 -444 0
-492 -446 0
-492 -448 0
-492 -450 0
-492 -452 0
-492 -454 0
-492 -456 0
-492 -458 0
-492 -462 0
-492 -464 0
-492 -466 0
-492 -508 0
-492 -510 0
-492 -512 0
-492 -514 0
-494 -436 0
-494 -438 0
-494 -440 0
-494 -442 0
-494 -444 0
-494 -446 0
-494 -448 0
-494 -450 0
-494 -452 0
-494 -454 0
-494 -456 0
-494 -458 0
-494 -460 0
-494 -464 0
-494 -466 0
-494 -508 0
-494 -510 0
-494 -512 0
-494 -514 0
-496 -436 0
-496 -438 0
-496 -440 0
-496 -442 0
-496 -444 0
-496 -446 0
-496 -448 0
-496 -450 0
-496 -452 0
-496 -454 0
-496 -456 0
-496 -458 0
-496 -460 0
-496 -462 0
-496 -466 0
-496 -508 0
-496 -510 0
-496 -512 0
-496 -514 0
-498 -436 0
-498 -438 0
-498 -440 0
-498 -442 0
-498 -444 0
-498 -446 0
-498 -448 0
-498 -450 0
-498 -452 0
-498 -454 0
-498 -456 0
-498 -458 0
-498 -460 0
-498 -462 0
-498 -464 0
-498 -508 0
-498 -510 0
-498 -512 0
-498 -514 0
-500 -444 0
-500 -446 0
-500 -448 0
-500 -450 0
-500 -452 0
-500 -454 0
-500 -456 0
-500 -458 0
-500 -460 0
-500 -462 0
-500 -464 0
-500 -466 0
-500 -510 0
-500 -512 0
-500 -514 0
-502 -436 0
-502 -438 0
-502 -440 0
-502 -442 0
-502 -444 0
-502 -446 0
-502 -448 0
-502 -450 0
-502 -452 0
-502 -454 0
-502 -456 0
-502 -458 0
-502 -460 0
-502 -462 0
-502 -464 0
-502 -466 0
-502 -508 0
-502 -510 0
-502 -512 0
-502 -514 0
-504 -436 0
-504 -438 0
-504 -440 0
-504 -442 0
-504 -444 0
-504 -446 0
-504 -448 0
-504 -450 0
-504 -452 0
-504 -454 0
-504 -456 0
-504 -458 0
-504 -460 0
-504 -462 0
-504 -464 0
-504 -466 0
-504 -508 0
-504 -510 0
-504 -512 0
-504 -514 0
-506 -436 0
-506 -438 0
-506 -440 0
-506 -442 0
-506 -444 0
-506 -446 0
-506 -448 0
-506 -450 0
-506 -452 0
-506 -454 0
-506 -456 0
-506 -458 0
-506 -460 0
-506 -462 0
-506 -464 0
-506 -466 0
-506 -508 0
-506 -510 0
-506 -512 0
-506 -514 0
-438 -444 0
-438 -446 0
-438 -448 0
-438 -450 0
-438 -478 0
-438 -486 0
-438 -494 0
-438 -510 0
-446 -444 0
-446 -448 0
-446 -450 0
-446 -470 0
-446 -486 0
-446 -494 0
-446 -510 0
-454 -444 0
-454 -446 0
-454 -448 0
-454 -450 0
-454 -470 0
-454 -478 0
-454 -494 0
-454 -510 0
-462 -444 0
-462 -446 0
-462 -448 0
-462 -450 0
-462 -470 0
-462 -478 0
-462 -486 0
-462 -510 0
-476 -470 0
-476 -478 0
-476 -486 0
-476 -494 0
-478 -470 0
-478 -486 0
-478 -494 0
-480 -470 0
-480 -478 0
-480 -486 0
-480 -494 0
-482 -470 0
-482 -478 0
-482 -486 0
-482 -494 0
-502 -470 0
-502 -478 0
-502 -486 0
-502 -494 0
-440 -452 0
-440 -454 0
-440 -456 0
-440 -458 0
-440 -480 0
-440 -488 0
-440 -496 0
-440 -512 0
-448 -452 0
-448 -454 0
-448 -456 0
-448 -458 0
-448 -472 0
-448 -488 0
-448 -496 0
-448 -512 0
-456 -452 0
-456 -454 0
-456 -458 0
-456 -472 0
-456 -480 0
-456 -496 0
-456 -512 0
-464 -452 0
-464 -454 0
-464 -456 0
-464 -458 0
-464 -472 0
-464 -480 0
-464 -488 0
-464 -512 0
-484 -472 0
-484 -480 0
-484 -488 0
-484 -496 0
-486 -472 0
-486 -480 0
-486 -488 0
-486 -496 0
-488 -472 0
-488 -480 0
-488 -496 0
-490 -472 0
-490 -480 0
-490 -488 0
-490 -496 0
-504 -472 0
-504 -480 0
-504 -488 0
-504 -496 0
-442 -460 0
-442 -462 0
-442 -464 0
-442 -466 0
-442 -482 0
-442 -490 0
-442 -498 0
-442 -514 0
-450 -460 0
-450 -462 0
-450 -464 0
-450 -466 0
-450 -474 0
-450 -490 0
-450 -498 0
-450 -514 0
-458 -460 0
-458 -462 0
-458 -464 0
-458 -466 0
-458 -474 0
-458 -482 0
-458 -498 0
-458 -514 0
-466 -460 0
-466 -462 0
-466 -464 0
-466 -474 0
-466 -482 0
-466 -490 0
-466 -514 0
-492 -474 0
-492 -482 0
-492 -490 0
-492 -498 0
-494 -474 0
-494 -482 0
-494 -490 0
-494 -498 0
-496 -474 0
-496 -482 0
-496 -490 0
-496 -498 0
-498 -474 0
-498 -482 0
-498 -490 0
-506 -474 0
-506 -482 0
-506 -490 0
-506 -498 0
537 0
530 0
540 0
